
* index: 0

* test sentence: 
氣象學家 天 氣壓 百 帕 hPa 毫 詞頭 百 hecto , h 研究 領域 類似 壓力值 千 帕 kPa 測量
* label: main_帕

* prediction: main_帕

* tfidf matrix: 

                    	Tfidf_sum	氣象學家	氣壓	hPa	詞頭	hecto	研究	領域	類似	壓力值	kPa	測量	

main_帕               	0.0194	0.0082	0.0	0.0056	0.0	0.0	0.0	0.0	0.0	0.0	0.0056	0.0	

單位_帕斯卡               	0.0194	0.0082	0.0	0.0056	0.0	0.0	0.0	0.0	0.0	0.0	0.0056	0.0	

數學_帕斯卡三角形            	0.0	0.0	0.0	0.0	0.0	0.0	0.0	0.0	0.0	0.0	0.0	0.0	

數學_帕斯卡法則             	0.0	0.0	0.0	0.0	0.0	0.0	0.0	0.0	0.0	0.0	0.0	0.0	

數學_帕斯卡定理             	0.0	0.0	0.0	0.0	0.0	0.0	0.0	0.0	0.0	0.0	0.0	0.0	

物理_帕斯卡定律             	0.0102	0.0102	0.0	0.0	0.0	0.0	0.0	0.0	0.0	0.0	0.0	0.0	

人物_布萊茲·帕斯卡           	0.0045	0.0015	0.0	0.0	0.0	0.0	0.0023	0.0008	0.0	0.0	0.0	0.0	

人物_帕斯卡二世             	0.0	0.0	0.0	0.0	0.0	0.0	0.0	0.0	0.0	0.0	0.0	0.0	

人物_帕斯卡·孔達波尼          	0.0	0.0	0.0	0.0	0.0	0.0	0.0	0.0	0.0	0.0	0.0	0.0	

人物_帕斯卡·西甘            	0.0	0.0	0.0	0.0	0.0	0.0	0.0	0.0	0.0	0.0	0.0	0.0	

人物_帕斯卡·祖貝布勒          	0.0	0.0	0.0	0.0	0.0	0.0	0.0	0.0	0.0	0.0	0.0	0.0	

人物_帕斯卡爾·拉米           	0.0	0.0	0.0	0.0	0.0	0.0	0.0	0.0	0.0	0.0	0.0	0.0	

人物_帕斯卡爾·庫什潘          	0.0	0.0	0.0	0.0	0.0	0.0	0.0	0.0	0.0	0.0	0.0	0.0	

人物_帕斯卡爾·約阿迪姆納吉       	0.0	0.0	0.0	0.0	0.0	0.0	0.0	0.0	0.0	0.0	0.0	0.0	

地名_帕斯卡古拉 (密西西比州)     	0.0	0.0	0.0	0.0	0.0	0.0	0.0	0.0	0.0	0.0	0.0	0.0	

計算機_帕斯卡命名法           	0.0	0.0	0.0	0.0	0.0	0.0	0.0	0.0	0.0	0.0	0.0	0.0	


* index: 1

* test sentence: 
百 帕 hPa =Pa=mbar 千 帕 kPa = Pa= h Pa 百萬 帕 MPa = × Pa 十億 帕 GPa =×Pa == 帕 斯卡 單位 轉換 ==
* label: main_帕

* prediction: main_帕

* tfidf matrix: 

                    	Tfidf_sum	hPa	=Pa=mbar	kPa	Pa=	Pa	百萬	MPa	十億	GPa	=×Pa	==	斯卡	單位	轉換	

main_帕               	0.0959	0.0056	0.0	0.0056	0.0	0.0167	0.0	0.0056	0.0	0.0056	0.0	0.0	0.0403	0.0167	0.0	

單位_帕斯卡               	0.0959	0.0056	0.0	0.0056	0.0	0.0167	0.0	0.0056	0.0	0.0056	0.0	0.0	0.0403	0.0167	0.0	

數學_帕斯卡三角形            	0.007	0.0	0.0	0.0	0.0	0.0	0.0	0.0	0.0	0.0	0.0	0.0	0.007	0.0	0.0	

數學_帕斯卡法則             	0.0033	0.0	0.0	0.0	0.0	0.0	0.0	0.0	0.0	0.0	0.0	0.0	0.0033	0.0	0.0	

數學_帕斯卡定理             	0.018	0.0	0.0	0.0	0.0	0.0	0.0	0.0	0.0	0.0	0.0	0.0	0.018	0.0	0.0	

物理_帕斯卡定律             	0.0663	0.0	0.0	0.0	0.0	0.0	0.0	0.0	0.0	0.0	0.0	0.0	0.0663	0.0	0.0	

人物_布萊茲·帕斯卡           	0.0389	0.0	0.0	0.0	0.0	0.0	0.0	0.0	0.0	0.0	0.0	0.0	0.0389	0.0	0.0	

人物_帕斯卡二世             	0.0	0.0	0.0	0.0	0.0	0.0	0.0	0.0	0.0	0.0	0.0	0.0	0.0	0.0	0.0	

人物_帕斯卡·孔達波尼          	0.0	0.0	0.0	0.0	0.0	0.0	0.0	0.0	0.0	0.0	0.0	0.0	0.0	0.0	0.0	

人物_帕斯卡·西甘            	0.0	0.0	0.0	0.0	0.0	0.0	0.0	0.0	0.0	0.0	0.0	0.0	0.0	0.0	0.0	

人物_帕斯卡·祖貝布勒          	0.0	0.0	0.0	0.0	0.0	0.0	0.0	0.0	0.0	0.0	0.0	0.0	0.0	0.0	0.0	

人物_帕斯卡爾·拉米           	0.0	0.0	0.0	0.0	0.0	0.0	0.0	0.0	0.0	0.0	0.0	0.0	0.0	0.0	0.0	

人物_帕斯卡爾·庫什潘          	0.0	0.0	0.0	0.0	0.0	0.0	0.0	0.0	0.0	0.0	0.0	0.0	0.0	0.0	0.0	

人物_帕斯卡爾·約阿迪姆納吉       	0.0	0.0	0.0	0.0	0.0	0.0	0.0	0.0	0.0	0.0	0.0	0.0	0.0	0.0	0.0	

地名_帕斯卡古拉 (密西西比州)     	0.0	0.0	0.0	0.0	0.0	0.0	0.0	0.0	0.0	0.0	0.0	0.0	0.0	0.0	0.0	

計算機_帕斯卡命名法           	0.0	0.0	0.0	0.0	0.0	0.0	0.0	0.0	0.0	0.0	0.0	0.0	0.0	0.0	0.0	


* index: 2

* test sentence: 
氣象學家 天 氣壓 百 帕 hPa 毫 詞頭 百 hecto , h 研究 領域 類似 壓力值 千 帕 kPa 測量
* label: 單位_帕斯卡

* prediction: main_帕

* tfidf matrix: 

                    	Tfidf_sum	氣象學家	氣壓	hPa	詞頭	hecto	研究	領域	類似	壓力值	kPa	測量	

main_帕               	0.0194	0.0082	0.0	0.0056	0.0	0.0	0.0	0.0	0.0	0.0	0.0056	0.0	

單位_帕斯卡               	0.0194	0.0082	0.0	0.0056	0.0	0.0	0.0	0.0	0.0	0.0	0.0056	0.0	

數學_帕斯卡三角形            	0.0	0.0	0.0	0.0	0.0	0.0	0.0	0.0	0.0	0.0	0.0	0.0	

數學_帕斯卡法則             	0.0	0.0	0.0	0.0	0.0	0.0	0.0	0.0	0.0	0.0	0.0	0.0	

數學_帕斯卡定理             	0.0	0.0	0.0	0.0	0.0	0.0	0.0	0.0	0.0	0.0	0.0	0.0	

物理_帕斯卡定律             	0.0102	0.0102	0.0	0.0	0.0	0.0	0.0	0.0	0.0	0.0	0.0	0.0	

人物_布萊茲·帕斯卡           	0.0045	0.0015	0.0	0.0	0.0	0.0	0.0023	0.0008	0.0	0.0	0.0	0.0	

人物_帕斯卡二世             	0.0	0.0	0.0	0.0	0.0	0.0	0.0	0.0	0.0	0.0	0.0	0.0	

人物_帕斯卡·孔達波尼          	0.0	0.0	0.0	0.0	0.0	0.0	0.0	0.0	0.0	0.0	0.0	0.0	

人物_帕斯卡·西甘            	0.0	0.0	0.0	0.0	0.0	0.0	0.0	0.0	0.0	0.0	0.0	0.0	

人物_帕斯卡·祖貝布勒          	0.0	0.0	0.0	0.0	0.0	0.0	0.0	0.0	0.0	0.0	0.0	0.0	

人物_帕斯卡爾·拉米           	0.0	0.0	0.0	0.0	0.0	0.0	0.0	0.0	0.0	0.0	0.0	0.0	

人物_帕斯卡爾·庫什潘          	0.0	0.0	0.0	0.0	0.0	0.0	0.0	0.0	0.0	0.0	0.0	0.0	

人物_帕斯卡爾·約阿迪姆納吉       	0.0	0.0	0.0	0.0	0.0	0.0	0.0	0.0	0.0	0.0	0.0	0.0	

地名_帕斯卡古拉 (密西西比州)     	0.0	0.0	0.0	0.0	0.0	0.0	0.0	0.0	0.0	0.0	0.0	0.0	

計算機_帕斯卡命名法           	0.0	0.0	0.0	0.0	0.0	0.0	0.0	0.0	0.0	0.0	0.0	0.0	


* index: 3

* test sentence: 
百 帕 hPa =Pa=mbar 千 帕 kPa = Pa= h Pa 百萬 帕 MPa = × Pa 十億 帕 GPa =×Pa == 帕 斯卡 單位 轉換 ==
* label: 單位_帕斯卡

* prediction: main_帕

* tfidf matrix: 

                    	Tfidf_sum	hPa	=Pa=mbar	kPa	Pa=	Pa	百萬	MPa	十億	GPa	=×Pa	==	斯卡	單位	轉換	

main_帕               	0.0959	0.0056	0.0	0.0056	0.0	0.0167	0.0	0.0056	0.0	0.0056	0.0	0.0	0.0403	0.0167	0.0	

單位_帕斯卡               	0.0959	0.0056	0.0	0.0056	0.0	0.0167	0.0	0.0056	0.0	0.0056	0.0	0.0	0.0403	0.0167	0.0	

數學_帕斯卡三角形            	0.007	0.0	0.0	0.0	0.0	0.0	0.0	0.0	0.0	0.0	0.0	0.0	0.007	0.0	0.0	

數學_帕斯卡法則             	0.0033	0.0	0.0	0.0	0.0	0.0	0.0	0.0	0.0	0.0	0.0	0.0	0.0033	0.0	0.0	

數學_帕斯卡定理             	0.018	0.0	0.0	0.0	0.0	0.0	0.0	0.0	0.0	0.0	0.0	0.0	0.018	0.0	0.0	

物理_帕斯卡定律             	0.0663	0.0	0.0	0.0	0.0	0.0	0.0	0.0	0.0	0.0	0.0	0.0	0.0663	0.0	0.0	

人物_布萊茲·帕斯卡           	0.0389	0.0	0.0	0.0	0.0	0.0	0.0	0.0	0.0	0.0	0.0	0.0	0.0389	0.0	0.0	

人物_帕斯卡二世             	0.0	0.0	0.0	0.0	0.0	0.0	0.0	0.0	0.0	0.0	0.0	0.0	0.0	0.0	0.0	

人物_帕斯卡·孔達波尼          	0.0	0.0	0.0	0.0	0.0	0.0	0.0	0.0	0.0	0.0	0.0	0.0	0.0	0.0	0.0	

人物_帕斯卡·西甘            	0.0	0.0	0.0	0.0	0.0	0.0	0.0	0.0	0.0	0.0	0.0	0.0	0.0	0.0	0.0	

人物_帕斯卡·祖貝布勒          	0.0	0.0	0.0	0.0	0.0	0.0	0.0	0.0	0.0	0.0	0.0	0.0	0.0	0.0	0.0	

人物_帕斯卡爾·拉米           	0.0	0.0	0.0	0.0	0.0	0.0	0.0	0.0	0.0	0.0	0.0	0.0	0.0	0.0	0.0	

人物_帕斯卡爾·庫什潘          	0.0	0.0	0.0	0.0	0.0	0.0	0.0	0.0	0.0	0.0	0.0	0.0	0.0	0.0	0.0	

人物_帕斯卡爾·約阿迪姆納吉       	0.0	0.0	0.0	0.0	0.0	0.0	0.0	0.0	0.0	0.0	0.0	0.0	0.0	0.0	0.0	

地名_帕斯卡古拉 (密西西比州)     	0.0	0.0	0.0	0.0	0.0	0.0	0.0	0.0	0.0	0.0	0.0	0.0	0.0	0.0	0.0	

計算機_帕斯卡命名法           	0.0	0.0	0.0	0.0	0.0	0.0	0.0	0.0	0.0	0.0	0.0	0.0	0.0	0.0	0.0	


* index: 4

* test sentence: 
布萊士· 帕 斯卡 著作 Traitédutrianglearithmétique 年 介紹 三角形
* label: 數學_帕斯卡三角形

* prediction: 物理_帕斯卡定律

* tfidf matrix: 

                    	Tfidf_sum	布萊士·	斯卡	著作	Traitédutrianglearithmétique	介紹	三角形	

main_帕               	0.0403	0.0	0.0403	0.0	0.0	0.0	0.0	

單位_帕斯卡               	0.0403	0.0	0.0403	0.0	0.0	0.0	0.0	

數學_帕斯卡三角形            	0.0241	0.0	0.007	0.0011	0.0	0.0	0.016	

數學_帕斯卡法則             	0.0033	0.0	0.0033	0.0	0.0	0.0	0.0	

數學_帕斯卡定理             	0.0205	0.0025	0.018	0.0	0.0	0.0	0.0	

物理_帕斯卡定律             	0.0732	0.0069	0.0663	0.0	0.0	0.0	0.0	

人物_布萊茲·帕斯卡           	0.04	0.0	0.0389	0.0	0.0	0.0	0.001	

人物_帕斯卡二世             	0.0	0.0	0.0	0.0	0.0	0.0	0.0	

人物_帕斯卡·孔達波尼          	0.0	0.0	0.0	0.0	0.0	0.0	0.0	

人物_帕斯卡·西甘            	0.0	0.0	0.0	0.0	0.0	0.0	0.0	

人物_帕斯卡·祖貝布勒          	0.0	0.0	0.0	0.0	0.0	0.0	0.0	

人物_帕斯卡爾·拉米           	0.0	0.0	0.0	0.0	0.0	0.0	0.0	

人物_帕斯卡爾·庫什潘          	0.0	0.0	0.0	0.0	0.0	0.0	0.0	

人物_帕斯卡爾·約阿迪姆納吉       	0.0	0.0	0.0	0.0	0.0	0.0	0.0	

地名_帕斯卡古拉 (密西西比州)     	0.0	0.0	0.0	0.0	0.0	0.0	0.0	

計算機_帕斯卡命名法           	0.0	0.0	0.0	0.0	0.0	0.0	0.0	


* index: 5

* test sentence: 
帕 斯卡 蒐集 關 結果 解決 概率 問題 影響面 廣泛 PierreRaymondde Montmort 年 亞伯拉罕 ·棣莫弗 年 帕 斯卡 稱呼 三角形
* label: 數學_帕斯卡三角形

* prediction: 物理_帕斯卡定律

* tfidf matrix: 

                    	Tfidf_sum	斯卡	蒐集	結果	解決	概率	問題	影響面	廣泛	PierreRaymondde	Montmort	亞伯拉罕	·棣莫弗	稱呼	三角形	

main_帕               	0.0403	0.0403	0.0	0.0	0.0	0.0	0.0	0.0	0.0	0.0	0.0	0.0	0.0	0.0	0.0	

單位_帕斯卡               	0.0403	0.0403	0.0	0.0	0.0	0.0	0.0	0.0	0.0	0.0	0.0	0.0	0.0	0.0	0.0	

數學_帕斯卡三角形            	0.023	0.007	0.0	0.0	0.0	0.0	0.0	0.0	0.0	0.0	0.0	0.0	0.0	0.0	0.016	

數學_帕斯卡法則             	0.0033	0.0033	0.0	0.0	0.0	0.0	0.0	0.0	0.0	0.0	0.0	0.0	0.0	0.0	0.0	

數學_帕斯卡定理             	0.018	0.018	0.0	0.0	0.0	0.0	0.0	0.0	0.0	0.0	0.0	0.0	0.0	0.0	0.0	

物理_帕斯卡定律             	0.0663	0.0663	0.0	0.0	0.0	0.0	0.0	0.0	0.0	0.0	0.0	0.0	0.0	0.0	0.0	

人物_布萊茲·帕斯卡           	0.0407	0.0389	0.0	0.0	0.0	0.0008	0.0	0.0	0.0	0.0	0.0	0.0	0.0	0.0	0.001	

人物_帕斯卡二世             	0.0022	0.0	0.0	0.0	0.0022	0.0	0.0	0.0	0.0	0.0	0.0	0.0	0.0	0.0	0.0	

人物_帕斯卡·孔達波尼          	0.0022	0.0	0.0	0.0	0.0022	0.0	0.0	0.0	0.0	0.0	0.0	0.0	0.0	0.0	0.0	

人物_帕斯卡·西甘            	0.0	0.0	0.0	0.0	0.0	0.0	0.0	0.0	0.0	0.0	0.0	0.0	0.0	0.0	0.0	

人物_帕斯卡·祖貝布勒          	0.0	0.0	0.0	0.0	0.0	0.0	0.0	0.0	0.0	0.0	0.0	0.0	0.0	0.0	0.0	

人物_帕斯卡爾·拉米           	0.0	0.0	0.0	0.0	0.0	0.0	0.0	0.0	0.0	0.0	0.0	0.0	0.0	0.0	0.0	

人物_帕斯卡爾·庫什潘          	0.0	0.0	0.0	0.0	0.0	0.0	0.0	0.0	0.0	0.0	0.0	0.0	0.0	0.0	0.0	

人物_帕斯卡爾·約阿迪姆納吉       	0.0	0.0	0.0	0.0	0.0	0.0	0.0	0.0	0.0	0.0	0.0	0.0	0.0	0.0	0.0	

地名_帕斯卡古拉 (密西西比州)     	0.0	0.0	0.0	0.0	0.0	0.0	0.0	0.0	0.0	0.0	0.0	0.0	0.0	0.0	0.0	

計算機_帕斯卡命名法           	0.0	0.0	0.0	0.0	0.0	0.0	0.0	0.0	0.0	0.0	0.0	0.0	0.0	0.0	0.0	


* index: 6

* test sentence: 
歷史 獨立 繪製 種 圖表 數學家 Karaji OmarKhayyám 波斯 世紀 圖文 存 賈憲 中國 北宋 世紀 釋鎖 算術 圖 文 現存 英 博物館 藏 永樂 典 楊輝 中國 南宋 詳解 九 章 算法 記載 功 圖 文 現存 英 博物館 藏 永樂 典 朱世傑 中國 元代 四元玉鑑 級數 求 公式 ·卡西 拉伯 算術 鑰匙 現存 圖 文 皮亞納斯 德國 施蒂費 德國 綜合 算術 二項式 展開式 係數 薛貝 法國 B · 帕 斯卡 法國 算術 三角形 中國 數學家 研究 中國 賈憲 賈憲 三角 發明 賈憲 / 楊輝 稱 釋鎖 求 廉 源 朱世傑 稱 古法 七 方圖 年 明代 數學家 吳敬 九 章 詳 註 類 算法 全 稱 開方 作法 源 年 明 王文素 算學 寶鑑 稱 開方 源 圖 年 明代 程位 算法 統宗 稱 開 方 求 廉率 作法 源 圖 年
* label: 數學_帕斯卡三角形

* prediction: 物理_帕斯卡定律

* tfidf matrix: 

                    	Tfidf_sum	歷史	獨立	繪製	圖表	數學家	Karaji	OmarKhayyám	波斯	世紀	圖文	賈憲	中國	北宋	釋鎖	算術	現存	博物館	永樂	楊輝	南宋	詳解	算法	記載	朱世傑	元代	四元玉鑑	級數	公式	·卡西	拉伯	鑰匙	皮亞納斯	德國	施蒂費	綜合	二項式	展開式	係數	薛貝	法國	斯卡	三角形	研究	三角	發明	古法	方圖	明代	吳敬	開方	作法	王文素	算學	寶鑑	程位	統宗	廉率	

main_帕               	0.0631	0.0	0.0	0.0	0.0	0.0114	0.0	0.0	0.0	0.0	0.0	0.0	0.0	0.0	0.0	0.0	0.0	0.0	0.0	0.0	0.0	0.0	0.0	0.0	0.0	0.0	0.0	0.0	0.0	0.0	0.0	0.0	0.0	0.0	0.0	0.0	0.0	0.0	0.0	0.0	0.0114	0.0403	0.0	0.0	0.0	0.0	0.0	0.0	0.0	0.0	0.0	0.0	0.0	0.0	0.0	0.0	0.0	0.0	

單位_帕斯卡               	0.0631	0.0	0.0	0.0	0.0	0.0114	0.0	0.0	0.0	0.0	0.0	0.0	0.0	0.0	0.0	0.0	0.0	0.0	0.0	0.0	0.0	0.0	0.0	0.0	0.0	0.0	0.0	0.0	0.0	0.0	0.0	0.0	0.0	0.0	0.0	0.0	0.0	0.0	0.0	0.0	0.0114	0.0403	0.0	0.0	0.0	0.0	0.0	0.0	0.0	0.0	0.0	0.0	0.0	0.0	0.0	0.0	0.0	0.0	

數學_帕斯卡三角形            	0.0936	0.0011	0.0	0.0011	0.0	0.012	0.0	0.0011	0.0011	0.0055	0.0	0.0066	0.0022	0.0011	0.0011	0.0022	0.0	0.0011	0.0011	0.0077	0.0022	0.0022	0.0011	0.0	0.0011	0.0011	0.0011	0.0	0.0	0.0	0.0	0.0	0.0	0.0	0.0	0.0	0.0058	0.0011	0.0044	0.0	0.0	0.007	0.016	0.0	0.0022	0.0011	0.0011	0.0011	0.0	0.0	0.0	0.0	0.0	0.0	0.0	0.0	0.0	0.0	

數學_帕斯卡法則             	0.006	0.0	0.0	0.0	0.0	0.0	0.0	0.0	0.0	0.0	0.0	0.0	0.0	0.0	0.0	0.0	0.0	0.0	0.0	0.0	0.0	0.0	0.0	0.0	0.0	0.0	0.0	0.0	0.0	0.0	0.0	0.0	0.0	0.0	0.0	0.0	0.0014	0.0	0.0014	0.0	0.0	0.0033	0.0	0.0	0.0	0.0	0.0	0.0	0.0	0.0	0.0	0.0	0.0	0.0	0.0	0.0	0.0	0.0	

數學_帕斯卡定理             	0.0282	0.0	0.0	0.0	0.0	0.0051	0.0	0.0	0.0	0.0	0.0	0.0	0.0	0.0	0.0	0.0	0.0	0.0	0.0	0.0	0.0	0.0	0.0	0.0	0.0	0.0	0.0	0.0	0.0	0.0	0.0	0.0	0.0	0.0	0.0	0.0	0.0	0.0	0.0	0.0	0.0051	0.018	0.0	0.0	0.0	0.0	0.0	0.0	0.0	0.0	0.0	0.0	0.0	0.0	0.0	0.0	0.0	0.0	

物理_帕斯卡定律             	0.0945	0.0	0.0	0.0	0.0	0.0141	0.0	0.0	0.0	0.0	0.0	0.0	0.0	0.0	0.0	0.0	0.0	0.0	0.0	0.0	0.0	0.0	0.0	0.0	0.0	0.0	0.0	0.0	0.0	0.0	0.0	0.0	0.0	0.0	0.0	0.0	0.0	0.0	0.0	0.0	0.0141	0.0663	0.0	0.0	0.0	0.0	0.0	0.0	0.0	0.0	0.0	0.0	0.0	0.0	0.0	0.0	0.0	0.0	

人物_布萊茲·帕斯卡           	0.0534	0.0	0.0008	0.0	0.0	0.0041	0.0	0.0	0.0	0.0	0.0	0.0	0.0	0.0	0.0	0.0	0.0	0.0	0.0	0.0	0.0	0.0	0.0	0.0	0.0	0.0	0.0	0.0	0.0	0.0	0.0	0.0	0.0	0.0	0.0	0.0	0.0	0.0	0.0	0.0	0.0062	0.0389	0.001	0.0023	0.0	0.0	0.0	0.0	0.0	0.0	0.0	0.0	0.0	0.0	0.0	0.0	0.0	0.0	

人物_帕斯卡二世             	0.0	0.0	0.0	0.0	0.0	0.0	0.0	0.0	0.0	0.0	0.0	0.0	0.0	0.0	0.0	0.0	0.0	0.0	0.0	0.0	0.0	0.0	0.0	0.0	0.0	0.0	0.0	0.0	0.0	0.0	0.0	0.0	0.0	0.0	0.0	0.0	0.0	0.0	0.0	0.0	0.0	0.0	0.0	0.0	0.0	0.0	0.0	0.0	0.0	0.0	0.0	0.0	0.0	0.0	0.0	0.0	0.0	0.0	

人物_帕斯卡·孔達波尼          	0.0	0.0	0.0	0.0	0.0	0.0	0.0	0.0	0.0	0.0	0.0	0.0	0.0	0.0	0.0	0.0	0.0	0.0	0.0	0.0	0.0	0.0	0.0	0.0	0.0	0.0	0.0	0.0	0.0	0.0	0.0	0.0	0.0	0.0	0.0	0.0	0.0	0.0	0.0	0.0	0.0	0.0	0.0	0.0	0.0	0.0	0.0	0.0	0.0	0.0	0.0	0.0	0.0	0.0	0.0	0.0	0.0	0.0	

人物_帕斯卡·西甘            	0.0873	0.0	0.0	0.0	0.0	0.0	0.0	0.0	0.0	0.0	0.0	0.0	0.0	0.0	0.0	0.0	0.0	0.0	0.0	0.0	0.0	0.0	0.0	0.0	0.0	0.0	0.0	0.0	0.0	0.0	0.0	0.0	0.0	0.0	0.0	0.0	0.0	0.0	0.0	0.0	0.0873	0.0	0.0	0.0	0.0	0.0	0.0	0.0	0.0	0.0	0.0	0.0	0.0	0.0	0.0	0.0	0.0	0.0	

人物_帕斯卡·祖貝布勒          	0.0	0.0	0.0	0.0	0.0	0.0	0.0	0.0	0.0	0.0	0.0	0.0	0.0	0.0	0.0	0.0	0.0	0.0	0.0	0.0	0.0	0.0	0.0	0.0	0.0	0.0	0.0	0.0	0.0	0.0	0.0	0.0	0.0	0.0	0.0	0.0	0.0	0.0	0.0	0.0	0.0	0.0	0.0	0.0	0.0	0.0	0.0	0.0	0.0	0.0	0.0	0.0	0.0	0.0	0.0	0.0	0.0	0.0	

人物_帕斯卡爾·拉米           	0.0	0.0	0.0	0.0	0.0	0.0	0.0	0.0	0.0	0.0	0.0	0.0	0.0	0.0	0.0	0.0	0.0	0.0	0.0	0.0	0.0	0.0	0.0	0.0	0.0	0.0	0.0	0.0	0.0	0.0	0.0	0.0	0.0	0.0	0.0	0.0	0.0	0.0	0.0	0.0	0.0	0.0	0.0	0.0	0.0	0.0	0.0	0.0	0.0	0.0	0.0	0.0	0.0	0.0	0.0	0.0	0.0	0.0	

人物_帕斯卡爾·庫什潘          	0.0	0.0	0.0	0.0	0.0	0.0	0.0	0.0	0.0	0.0	0.0	0.0	0.0	0.0	0.0	0.0	0.0	0.0	0.0	0.0	0.0	0.0	0.0	0.0	0.0	0.0	0.0	0.0	0.0	0.0	0.0	0.0	0.0	0.0	0.0	0.0	0.0	0.0	0.0	0.0	0.0	0.0	0.0	0.0	0.0	0.0	0.0	0.0	0.0	0.0	0.0	0.0	0.0	0.0	0.0	0.0	0.0	0.0	

人物_帕斯卡爾·約阿迪姆納吉       	0.0	0.0	0.0	0.0	0.0	0.0	0.0	0.0	0.0	0.0	0.0	0.0	0.0	0.0	0.0	0.0	0.0	0.0	0.0	0.0	0.0	0.0	0.0	0.0	0.0	0.0	0.0	0.0	0.0	0.0	0.0	0.0	0.0	0.0	0.0	0.0	0.0	0.0	0.0	0.0	0.0	0.0	0.0	0.0	0.0	0.0	0.0	0.0	0.0	0.0	0.0	0.0	0.0	0.0	0.0	0.0	0.0	0.0	

地名_帕斯卡古拉 (密西西比州)     	0.0	0.0	0.0	0.0	0.0	0.0	0.0	0.0	0.0	0.0	0.0	0.0	0.0	0.0	0.0	0.0	0.0	0.0	0.0	0.0	0.0	0.0	0.0	0.0	0.0	0.0	0.0	0.0	0.0	0.0	0.0	0.0	0.0	0.0	0.0	0.0	0.0	0.0	0.0	0.0	0.0	0.0	0.0	0.0	0.0	0.0	0.0	0.0	0.0	0.0	0.0	0.0	0.0	0.0	0.0	0.0	0.0	0.0	

計算機_帕斯卡命名法           	0.0	0.0	0.0	0.0	0.0	0.0	0.0	0.0	0.0	0.0	0.0	0.0	0.0	0.0	0.0	0.0	0.0	0.0	0.0	0.0	0.0	0.0	0.0	0.0	0.0	0.0	0.0	0.0	0.0	0.0	0.0	0.0	0.0	0.0	0.0	0.0	0.0	0.0	0.0	0.0	0.0	0.0	0.0	0.0	0.0	0.0	0.0	0.0	0.0	0.0	0.0	0.0	0.0	0.0	0.0	0.0	0.0	0.0	


* index: 7

* test sentence: 
餘 圓錐 曲線 非 退化 圓錐 曲線 皆 投影 變換 投影 成圓 帕 斯卡 定理 圓錐 曲線 成立
* label: 數學_帕斯卡定理

* prediction: 物理_帕斯卡定律

* tfidf matrix: 

                    	Tfidf_sum	圓錐	曲線	退化	投影	變換	成圓	斯卡	定理	成立	

main_帕               	0.0403	0.0	0.0	0.0	0.0	0.0	0.0	0.0403	0.0	0.0	

單位_帕斯卡               	0.0403	0.0	0.0	0.0	0.0	0.0	0.0	0.0403	0.0	0.0	

數學_帕斯卡三角形            	0.007	0.0	0.0	0.0	0.0	0.0	0.0	0.007	0.0	0.0	

數學_帕斯卡法則             	0.0033	0.0	0.0	0.0	0.0	0.0	0.0	0.0033	0.0	0.0	

數學_帕斯卡定理             	0.0528	0.0075	0.0075	0.0	0.0	0.0	0.0	0.018	0.0199	0.0	

物理_帕斯卡定律             	0.0663	0.0	0.0	0.0	0.0	0.0	0.0	0.0663	0.0	0.0	

人物_布萊茲·帕斯卡           	0.047	0.004	0.003	0.0	0.0	0.0	0.0	0.0389	0.001	0.0	

人物_帕斯卡二世             	0.0	0.0	0.0	0.0	0.0	0.0	0.0	0.0	0.0	0.0	

人物_帕斯卡·孔達波尼          	0.0	0.0	0.0	0.0	0.0	0.0	0.0	0.0	0.0	0.0	

人物_帕斯卡·西甘            	0.0	0.0	0.0	0.0	0.0	0.0	0.0	0.0	0.0	0.0	

人物_帕斯卡·祖貝布勒          	0.0	0.0	0.0	0.0	0.0	0.0	0.0	0.0	0.0	0.0	

人物_帕斯卡爾·拉米           	0.0	0.0	0.0	0.0	0.0	0.0	0.0	0.0	0.0	0.0	

人物_帕斯卡爾·庫什潘          	0.0	0.0	0.0	0.0	0.0	0.0	0.0	0.0	0.0	0.0	

人物_帕斯卡爾·約阿迪姆納吉       	0.0	0.0	0.0	0.0	0.0	0.0	0.0	0.0	0.0	0.0	

地名_帕斯卡古拉 (密西西比州)     	0.0	0.0	0.0	0.0	0.0	0.0	0.0	0.0	0.0	0.0	

計算機_帕斯卡命名法           	0.0	0.0	0.0	0.0	0.0	0.0	0.0	0.0	0.0	0.0	


* index: 8

* test sentence: 
參見 佈列 安桑 定理 帕 普斯 定理 笛沙格 定理
* label: 數學_帕斯卡定理

* prediction: 數學_帕斯卡定理

* tfidf matrix: 

                    	Tfidf_sum	參見	佈列	安桑	定理	普斯	笛沙格	

main_帕               	0.0	0.0	0.0	0.0	0.0	0.0	0.0	

單位_帕斯卡               	0.0	0.0	0.0	0.0	0.0	0.0	0.0	

數學_帕斯卡三角形            	0.0	0.0	0.0	0.0	0.0	0.0	0.0	

數學_帕斯卡法則             	0.0	0.0	0.0	0.0	0.0	0.0	0.0	

數學_帕斯卡定理             	0.0274	0.0	0.0019	0.0019	0.0199	0.0038	0.0	

物理_帕斯卡定律             	0.0	0.0	0.0	0.0	0.0	0.0	0.0	

人物_布萊茲·帕斯卡           	0.001	0.0	0.0	0.0	0.001	0.0	0.0	

人物_帕斯卡二世             	0.0	0.0	0.0	0.0	0.0	0.0	0.0	

人物_帕斯卡·孔達波尼          	0.0	0.0	0.0	0.0	0.0	0.0	0.0	

人物_帕斯卡·西甘            	0.0	0.0	0.0	0.0	0.0	0.0	0.0	

人物_帕斯卡·祖貝布勒          	0.0	0.0	0.0	0.0	0.0	0.0	0.0	

人物_帕斯卡爾·拉米           	0.0	0.0	0.0	0.0	0.0	0.0	0.0	

人物_帕斯卡爾·庫什潘          	0.0	0.0	0.0	0.0	0.0	0.0	0.0	

人物_帕斯卡爾·約阿迪姆納吉       	0.0	0.0	0.0	0.0	0.0	0.0	0.0	

地名_帕斯卡古拉 (密西西比州)     	0.0	0.0	0.0	0.0	0.0	0.0	0.0	

計算機_帕斯卡命名法           	0.0	0.0	0.0	0.0	0.0	0.0	0.0	


* index: 9

* test sentence: 
應 液壓 帕 斯卡 定律 實例 液壓 具 種 途 液壓 千 斤頂 液壓 重機 汽車 油壓 煞車 系統 擠 牙膏 針筒 針 水槍
* label: 物理_帕斯卡定律

* prediction: 物理_帕斯卡定律

* tfidf matrix: 

                    	Tfidf_sum	液壓	斯卡	定律	實例	斤頂	重機	汽車	油壓	煞車	系統	牙膏	針筒	水槍	

main_帕               	0.0403	0.0	0.0403	0.0	0.0	0.0	0.0	0.0	0.0	0.0	0.0	0.0	0.0	0.0	

單位_帕斯卡               	0.0403	0.0	0.0403	0.0	0.0	0.0	0.0	0.0	0.0	0.0	0.0	0.0	0.0	0.0	

數學_帕斯卡三角形            	0.007	0.0	0.007	0.0	0.0	0.0	0.0	0.0	0.0	0.0	0.0	0.0	0.0	0.0	

數學_帕斯卡法則             	0.0033	0.0	0.0033	0.0	0.0	0.0	0.0	0.0	0.0	0.0	0.0	0.0	0.0	0.0	

數學_帕斯卡定理             	0.018	0.0	0.018	0.0	0.0	0.0	0.0	0.0	0.0	0.0	0.0	0.0	0.0	0.0	

物理_帕斯卡定律             	0.0922	0.0052	0.0663	0.0156	0.0	0.0	0.0	0.0	0.0	0.0	0.0052	0.0	0.0	0.0	

人物_布萊茲·帕斯卡           	0.0389	0.0	0.0389	0.0	0.0	0.0	0.0	0.0	0.0	0.0	0.0	0.0	0.0	0.0	

人物_帕斯卡二世             	0.0	0.0	0.0	0.0	0.0	0.0	0.0	0.0	0.0	0.0	0.0	0.0	0.0	0.0	

人物_帕斯卡·孔達波尼          	0.0	0.0	0.0	0.0	0.0	0.0	0.0	0.0	0.0	0.0	0.0	0.0	0.0	0.0	

人物_帕斯卡·西甘            	0.0	0.0	0.0	0.0	0.0	0.0	0.0	0.0	0.0	0.0	0.0	0.0	0.0	0.0	

人物_帕斯卡·祖貝布勒          	0.0	0.0	0.0	0.0	0.0	0.0	0.0	0.0	0.0	0.0	0.0	0.0	0.0	0.0	

人物_帕斯卡爾·拉米           	0.0	0.0	0.0	0.0	0.0	0.0	0.0	0.0	0.0	0.0	0.0	0.0	0.0	0.0	

人物_帕斯卡爾·庫什潘          	0.0	0.0	0.0	0.0	0.0	0.0	0.0	0.0	0.0	0.0	0.0	0.0	0.0	0.0	

人物_帕斯卡爾·約阿迪姆納吉       	0.0	0.0	0.0	0.0	0.0	0.0	0.0	0.0	0.0	0.0	0.0	0.0	0.0	0.0	

地名_帕斯卡古拉 (密西西比州)     	0.0	0.0	0.0	0.0	0.0	0.0	0.0	0.0	0.0	0.0	0.0	0.0	0.0	0.0	

計算機_帕斯卡命名法           	0.0	0.0	0.0	0.0	0.0	0.0	0.0	0.0	0.0	0.0	0.0	0.0	0.0	0.0	


* index: 10

* test sentence: 
年 為 減輕 父親 止 重複 計算 稅務 收支 負擔 未滿 歲 帕 斯卡 努力 製造出 臺 運行 加減 計算器 稱為 帕 斯卡 計算器
* label: 人物_布萊茲·帕斯卡

* prediction: 物理_帕斯卡定律

* tfidf matrix: 

                    	Tfidf_sum	減輕	父親	重複	計算	稅務	收支	負擔	未滿	斯卡	努力	製造出	運行	加減	計算器	稱為	

main_帕               	0.0403	0.0	0.0	0.0	0.0	0.0	0.0	0.0	0.0	0.0403	0.0	0.0	0.0	0.0	0.0	0.0	

單位_帕斯卡               	0.0403	0.0	0.0	0.0	0.0	0.0	0.0	0.0	0.0	0.0403	0.0	0.0	0.0	0.0	0.0	0.0	

數學_帕斯卡三角形            	0.007	0.0	0.0	0.0	0.0	0.0	0.0	0.0	0.0	0.007	0.0	0.0	0.0	0.0	0.0	0.0	

數學_帕斯卡法則             	0.0033	0.0	0.0	0.0	0.0	0.0	0.0	0.0	0.0	0.0033	0.0	0.0	0.0	0.0	0.0	0.0	

數學_帕斯卡定理             	0.018	0.0	0.0	0.0	0.0	0.0	0.0	0.0	0.0	0.018	0.0	0.0	0.0	0.0	0.0	0.0	

物理_帕斯卡定律             	0.0663	0.0	0.0	0.0	0.0	0.0	0.0	0.0	0.0	0.0663	0.0	0.0	0.0	0.0	0.0	0.0	

人物_布萊茲·帕斯卡           	0.0417	0.0	0.0012	0.0	0.0	0.0008	0.0	0.0	0.0	0.0389	0.0	0.0	0.0	0.0	0.0008	0.0	

人物_帕斯卡二世             	0.0027	0.0	0.0027	0.0	0.0	0.0	0.0	0.0	0.0	0.0	0.0	0.0	0.0	0.0	0.0	0.0	

人物_帕斯卡·孔達波尼          	0.0027	0.0	0.0027	0.0	0.0	0.0	0.0	0.0	0.0	0.0	0.0	0.0	0.0	0.0	0.0	0.0	

人物_帕斯卡·西甘            	0.0	0.0	0.0	0.0	0.0	0.0	0.0	0.0	0.0	0.0	0.0	0.0	0.0	0.0	0.0	0.0	

人物_帕斯卡·祖貝布勒          	0.0	0.0	0.0	0.0	0.0	0.0	0.0	0.0	0.0	0.0	0.0	0.0	0.0	0.0	0.0	0.0	

人物_帕斯卡爾·拉米           	0.0	0.0	0.0	0.0	0.0	0.0	0.0	0.0	0.0	0.0	0.0	0.0	0.0	0.0	0.0	0.0	

人物_帕斯卡爾·庫什潘          	0.0	0.0	0.0	0.0	0.0	0.0	0.0	0.0	0.0	0.0	0.0	0.0	0.0	0.0	0.0	0.0	

人物_帕斯卡爾·約阿迪姆納吉       	0.0	0.0	0.0	0.0	0.0	0.0	0.0	0.0	0.0	0.0	0.0	0.0	0.0	0.0	0.0	0.0	

地名_帕斯卡古拉 (密西西比州)     	0.0	0.0	0.0	0.0	0.0	0.0	0.0	0.0	0.0	0.0	0.0	0.0	0.0	0.0	0.0	0.0	

計算機_帕斯卡命名法           	0.0	0.0	0.0	0.0	0.0	0.0	0.0	0.0	0.0	0.0	0.0	0.0	0.0	0.0	0.0	0.0	


* index: 11

* test sentence: 
然 帕 斯卡 十 年 然 斷 精進 設計 總共 做 臺 樣 機器
* label: 人物_布萊茲·帕斯卡

* prediction: 物理_帕斯卡定律

* tfidf matrix: 

                    	Tfidf_sum	斯卡	精進	設計	總共	機器	

main_帕               	0.0403	0.0403	0.0	0.0	0.0	0.0	

單位_帕斯卡               	0.0403	0.0403	0.0	0.0	0.0	0.0	

數學_帕斯卡三角形            	0.007	0.007	0.0	0.0	0.0	0.0	

數學_帕斯卡法則             	0.0033	0.0033	0.0	0.0	0.0	0.0	

數學_帕斯卡定理             	0.018	0.018	0.0	0.0	0.0	0.0	

物理_帕斯卡定律             	0.0663	0.0663	0.0	0.0	0.0	0.0	

人物_布萊茲·帕斯卡           	0.0389	0.0389	0.0	0.0	0.0	0.0	

人物_帕斯卡二世             	0.0	0.0	0.0	0.0	0.0	0.0	

人物_帕斯卡·孔達波尼          	0.0	0.0	0.0	0.0	0.0	0.0	

人物_帕斯卡·西甘            	0.0	0.0	0.0	0.0	0.0	0.0	

人物_帕斯卡·祖貝布勒          	0.0	0.0	0.0	0.0	0.0	0.0	

人物_帕斯卡爾·拉米           	0.0	0.0	0.0	0.0	0.0	0.0	

人物_帕斯卡爾·庫什潘          	0.0	0.0	0.0	0.0	0.0	0.0	

人物_帕斯卡爾·約阿迪姆納吉       	0.0	0.0	0.0	0.0	0.0	0.0	

地名_帕斯卡古拉 (密西西比州)     	0.0	0.0	0.0	0.0	0.0	0.0	

計算機_帕斯卡命名法           	0.0	0.0	0.0	0.0	0.0	0.0	


* index: 12

* test sentence: 
數學 貢獻 帕 斯卡 生 影響 數學 研究
* label: 人物_布萊茲·帕斯卡

* prediction: 物理_帕斯卡定律

* tfidf matrix: 

                    	Tfidf_sum	數學	貢獻	斯卡	影響	研究	

main_帕               	0.0403	0.0	0.0	0.0403	0.0	0.0	

單位_帕斯卡               	0.0403	0.0	0.0	0.0403	0.0	0.0	

數學_帕斯卡三角形            	0.007	0.0	0.0	0.007	0.0	0.0	

數學_帕斯卡法則             	0.006	0.0027	0.0	0.0033	0.0	0.0	

數學_帕斯卡定理             	0.018	0.0	0.0	0.018	0.0	0.0	

物理_帕斯卡定律             	0.0663	0.0	0.0	0.0663	0.0	0.0	

人物_布萊茲·帕斯卡           	0.0496	0.0061	0.0008	0.0389	0.0015	0.0023	

人物_帕斯卡二世             	0.0	0.0	0.0	0.0	0.0	0.0	

人物_帕斯卡·孔達波尼          	0.0	0.0	0.0	0.0	0.0	0.0	

人物_帕斯卡·西甘            	0.0	0.0	0.0	0.0	0.0	0.0	

人物_帕斯卡·祖貝布勒          	0.0	0.0	0.0	0.0	0.0	0.0	

人物_帕斯卡爾·拉米           	0.0	0.0	0.0	0.0	0.0	0.0	

人物_帕斯卡爾·庫什潘          	0.0	0.0	0.0	0.0	0.0	0.0	

人物_帕斯卡爾·約阿迪姆納吉       	0.0	0.0	0.0	0.0	0.0	0.0	

地名_帕斯卡古拉 (密西西比州)     	0.0	0.0	0.0	0.0	0.0	0.0	

計算機_帕斯卡命名法           	0.0	0.0	0.0	0.0	0.0	0.0	


* index: 13

* test sentence: 
年 算術 三角 中 描述 二項式 係數 表格 表示 表 中 數 肩 兩 數 現 稱作 帕 斯卡 三角
* label: 人物_布萊茲·帕斯卡

* prediction: 物理_帕斯卡定律

* tfidf matrix: 

                    	Tfidf_sum	算術	三角	描述	二項式	係數	表格	表示	稱作	斯卡	

main_帕               	0.0485	0.0	0.0	0.0	0.0	0.0	0.0	0.0082	0.0	0.0403	

單位_帕斯卡               	0.0485	0.0	0.0	0.0	0.0	0.0	0.0	0.0082	0.0	0.0403	

數學_帕斯卡三角形            	0.0231	0.0022	0.0022	0.0015	0.0058	0.0044	0.0	0.0	0.0	0.007	

數學_帕斯卡法則             	0.008	0.0	0.0	0.0	0.0014	0.0014	0.0	0.002	0.0	0.0033	

數學_帕斯卡定理             	0.018	0.0	0.0	0.0	0.0	0.0	0.0	0.0	0.0	0.018	

物理_帕斯卡定律             	0.0663	0.0	0.0	0.0	0.0	0.0	0.0	0.0	0.0	0.0663	

人物_布萊茲·帕斯卡           	0.0415	0.0	0.0	0.001	0.0	0.0	0.0	0.0	0.0015	0.0389	

人物_帕斯卡二世             	0.0	0.0	0.0	0.0	0.0	0.0	0.0	0.0	0.0	0.0	

人物_帕斯卡·孔達波尼          	0.0	0.0	0.0	0.0	0.0	0.0	0.0	0.0	0.0	0.0	

人物_帕斯卡·西甘            	0.0	0.0	0.0	0.0	0.0	0.0	0.0	0.0	0.0	0.0	

人物_帕斯卡·祖貝布勒          	0.0	0.0	0.0	0.0	0.0	0.0	0.0	0.0	0.0	0.0	

人物_帕斯卡爾·拉米           	0.0	0.0	0.0	0.0	0.0	0.0	0.0	0.0	0.0	0.0	

人物_帕斯卡爾·庫什潘          	0.0	0.0	0.0	0.0	0.0	0.0	0.0	0.0	0.0	0.0	

人物_帕斯卡爾·約阿迪姆納吉       	0.0	0.0	0.0	0.0	0.0	0.0	0.0	0.0	0.0	0.0	

地名_帕斯卡古拉 (密西西比州)     	0.0	0.0	0.0	0.0	0.0	0.0	0.0	0.0	0.0	0.0	

計算機_帕斯卡命名法           	0.0061	0.0	0.0	0.0	0.0	0.0	0.0	0.0061	0.0	0.0	


* index: 14

* test sentence: 
費馬 帕 斯卡 完成 分析 概率 工作 萊布尼茨 提出 窮 微 積分 奠定 基礎
* label: 人物_布萊茲·帕斯卡

* prediction: 物理_帕斯卡定律

* tfidf matrix: 

                    	Tfidf_sum	費馬	斯卡	完成	分析	概率	工作	萊布尼茨	提出	積分	奠定	基礎	

main_帕               	0.0403	0.0	0.0403	0.0	0.0	0.0	0.0	0.0	0.0	0.0	0.0	0.0	

單位_帕斯卡               	0.0403	0.0	0.0403	0.0	0.0	0.0	0.0	0.0	0.0	0.0	0.0	0.0	

數學_帕斯卡三角形            	0.007	0.0	0.007	0.0	0.0	0.0	0.0	0.0	0.0	0.0	0.0	0.0	

數學_帕斯卡法則             	0.0033	0.0	0.0033	0.0	0.0	0.0	0.0	0.0	0.0	0.0	0.0	0.0	

數學_帕斯卡定理             	0.0199	0.0	0.018	0.0	0.0	0.0	0.0	0.0	0.0019	0.0	0.0	0.0	

物理_帕斯卡定律             	0.0663	0.0	0.0663	0.0	0.0	0.0	0.0	0.0	0.0	0.0	0.0	0.0	

人物_布萊茲·帕斯卡           	0.0412	0.0008	0.0389	0.0	0.0	0.0008	0.0008	0.0	0.0	0.0	0.0	0.0	

人物_帕斯卡二世             	0.0	0.0	0.0	0.0	0.0	0.0	0.0	0.0	0.0	0.0	0.0	0.0	

人物_帕斯卡·孔達波尼          	0.0	0.0	0.0	0.0	0.0	0.0	0.0	0.0	0.0	0.0	0.0	0.0	

人物_帕斯卡·西甘            	0.0	0.0	0.0	0.0	0.0	0.0	0.0	0.0	0.0	0.0	0.0	0.0	

人物_帕斯卡·祖貝布勒          	0.0	0.0	0.0	0.0	0.0	0.0	0.0	0.0	0.0	0.0	0.0	0.0	

人物_帕斯卡爾·拉米           	0.0	0.0	0.0	0.0	0.0	0.0	0.0	0.0	0.0	0.0	0.0	0.0	

人物_帕斯卡爾·庫什潘          	0.0	0.0	0.0	0.0	0.0	0.0	0.0	0.0	0.0	0.0	0.0	0.0	

人物_帕斯卡爾·約阿迪姆納吉       	0.0	0.0	0.0	0.0	0.0	0.0	0.0	0.0	0.0	0.0	0.0	0.0	

地名_帕斯卡古拉 (密西西比州)     	0.0	0.0	0.0	0.0	0.0	0.0	0.0	0.0	0.0	0.0	0.0	0.0	

計算機_帕斯卡命名法           	0.0	0.0	0.0	0.0	0.0	0.0	0.0	0.0	0.0	0.0	0.0	0.0	


* index: 15

* test sentence: 
年 受 宗教 歷 影響 帕 斯卡 放棄 數學 工作
* label: 人物_布萊茲·帕斯卡

* prediction: 物理_帕斯卡定律

* tfidf matrix: 

                    	Tfidf_sum	宗教	影響	斯卡	放棄	數學	工作	

main_帕               	0.0403	0.0	0.0	0.0403	0.0	0.0	0.0	

單位_帕斯卡               	0.0403	0.0	0.0	0.0403	0.0	0.0	0.0	

數學_帕斯卡三角形            	0.007	0.0	0.0	0.007	0.0	0.0	0.0	

數學_帕斯卡法則             	0.006	0.0	0.0	0.0033	0.0	0.0027	0.0	

數學_帕斯卡定理             	0.018	0.0	0.0	0.018	0.0	0.0	0.0	

物理_帕斯卡定律             	0.0765	0.0102	0.0	0.0663	0.0	0.0	0.0	

人物_布萊茲·帕斯卡           	0.0488	0.0015	0.0015	0.0389	0.0	0.0061	0.0008	

人物_帕斯卡二世             	0.0099	0.0033	0.0	0.0	0.0066	0.0	0.0	

人物_帕斯卡·孔達波尼          	0.0099	0.0033	0.0	0.0	0.0066	0.0	0.0	

人物_帕斯卡·西甘            	0.0	0.0	0.0	0.0	0.0	0.0	0.0	

人物_帕斯卡·祖貝布勒          	0.0	0.0	0.0	0.0	0.0	0.0	0.0	

人物_帕斯卡爾·拉米           	0.0	0.0	0.0	0.0	0.0	0.0	0.0	

人物_帕斯卡爾·庫什潘          	0.0	0.0	0.0	0.0	0.0	0.0	0.0	

人物_帕斯卡爾·約阿迪姆納吉       	0.0	0.0	0.0	0.0	0.0	0.0	0.0	

地名_帕斯卡古拉 (密西西比州)     	0.0	0.0	0.0	0.0	0.0	0.0	0.0	

計算機_帕斯卡命名法           	0.0	0.0	0.0	0.0	0.0	0.0	0.0	


* index: 16

* test sentence: 
世 年 帕 斯卡 病情 加重 情緒 狀況 前 年 姐姐 死 惡化 許
* label: 人物_布萊茲·帕斯卡

* prediction: 物理_帕斯卡定律

* tfidf matrix: 

                    	Tfidf_sum	斯卡	病情	加重	情緒	狀況	姐姐	惡化	

main_帕               	0.0403	0.0403	0.0	0.0	0.0	0.0	0.0	0.0	

單位_帕斯卡               	0.0403	0.0403	0.0	0.0	0.0	0.0	0.0	0.0	

數學_帕斯卡三角形            	0.007	0.007	0.0	0.0	0.0	0.0	0.0	0.0	

數學_帕斯卡法則             	0.0033	0.0033	0.0	0.0	0.0	0.0	0.0	0.0	

數學_帕斯卡定理             	0.018	0.018	0.0	0.0	0.0	0.0	0.0	0.0	

物理_帕斯卡定律             	0.0663	0.0663	0.0	0.0	0.0	0.0	0.0	0.0	

人物_布萊茲·帕斯卡           	0.0389	0.0389	0.0	0.0	0.0	0.0	0.0	0.0	

人物_帕斯卡二世             	0.0	0.0	0.0	0.0	0.0	0.0	0.0	0.0	

人物_帕斯卡·孔達波尼          	0.0	0.0	0.0	0.0	0.0	0.0	0.0	0.0	

人物_帕斯卡·西甘            	0.0	0.0	0.0	0.0	0.0	0.0	0.0	0.0	

人物_帕斯卡·祖貝布勒          	0.0	0.0	0.0	0.0	0.0	0.0	0.0	0.0	

人物_帕斯卡爾·拉米           	0.0	0.0	0.0	0.0	0.0	0.0	0.0	0.0	

人物_帕斯卡爾·庫什潘          	0.0	0.0	0.0	0.0	0.0	0.0	0.0	0.0	

人物_帕斯卡爾·約阿迪姆納吉       	0.0	0.0	0.0	0.0	0.0	0.0	0.0	0.0	

地名_帕斯卡古拉 (密西西比州)     	0.0	0.0	0.0	0.0	0.0	0.0	0.0	0.0	

計算機_帕斯卡命名法           	0.0	0.0	0.0	0.0	0.0	0.0	0.0	0.0	


* index: 17

* test sentence: 
帕 斯卡 注意 逝 便 尋求 醫院 解決 治 症 醫生 拒絕 原 狀況 實 太 穩定 難 顧
* label: 人物_布萊茲·帕斯卡

* prediction: 物理_帕斯卡定律

* tfidf matrix: 

                    	Tfidf_sum	斯卡	注意	尋求	醫院	解決	醫生	拒絕	狀況	穩定	

main_帕               	0.0403	0.0403	0.0	0.0	0.0	0.0	0.0	0.0	0.0	0.0	

單位_帕斯卡               	0.0403	0.0403	0.0	0.0	0.0	0.0	0.0	0.0	0.0	0.0	

數學_帕斯卡三角形            	0.007	0.007	0.0	0.0	0.0	0.0	0.0	0.0	0.0	0.0	

數學_帕斯卡法則             	0.0033	0.0033	0.0	0.0	0.0	0.0	0.0	0.0	0.0	0.0	

數學_帕斯卡定理             	0.018	0.018	0.0	0.0	0.0	0.0	0.0	0.0	0.0	0.0	

物理_帕斯卡定律             	0.0663	0.0663	0.0	0.0	0.0	0.0	0.0	0.0	0.0	0.0	

人物_布萊茲·帕斯卡           	0.0397	0.0389	0.0	0.0	0.0	0.0	0.0	0.0008	0.0	0.0	

人物_帕斯卡二世             	0.0044	0.0	0.0	0.0022	0.0	0.0022	0.0	0.0	0.0	0.0	

人物_帕斯卡·孔達波尼          	0.0044	0.0	0.0	0.0022	0.0	0.0022	0.0	0.0	0.0	0.0	

人物_帕斯卡·西甘            	0.0	0.0	0.0	0.0	0.0	0.0	0.0	0.0	0.0	0.0	

人物_帕斯卡·祖貝布勒          	0.0	0.0	0.0	0.0	0.0	0.0	0.0	0.0	0.0	0.0	

人物_帕斯卡爾·拉米           	0.0	0.0	0.0	0.0	0.0	0.0	0.0	0.0	0.0	0.0	

人物_帕斯卡爾·庫什潘          	0.0	0.0	0.0	0.0	0.0	0.0	0.0	0.0	0.0	0.0	

人物_帕斯卡爾·約阿迪姆納吉       	0.0	0.0	0.0	0.0	0.0	0.0	0.0	0.0	0.0	0.0	

地名_帕斯卡古拉 (密西西比州)     	0.0	0.0	0.0	0.0	0.0	0.0	0.0	0.0	0.0	0.0	

計算機_帕斯卡命名法           	0.0	0.0	0.0	0.0	0.0	0.0	0.0	0.0	0.0	0.0	


* index: 18

* test sentence: 
年 黎 帕 斯卡 開始 抽搐 進入 終
* label: 人物_布萊茲·帕斯卡

* prediction: 物理_帕斯卡定律

* tfidf matrix: 

                    	Tfidf_sum	斯卡	開始	抽搐	進入	

main_帕               	0.0403	0.0403	0.0	0.0	0.0	

單位_帕斯卡               	0.0403	0.0403	0.0	0.0	0.0	

數學_帕斯卡三角形            	0.0096	0.007	0.0025	0.0	0.0	

數學_帕斯卡法則             	0.0033	0.0033	0.0	0.0	0.0	

數學_帕斯卡定理             	0.018	0.018	0.0	0.0	0.0	

物理_帕斯卡定律             	0.0663	0.0663	0.0	0.0	0.0	

人物_布萊茲·帕斯卡           	0.0407	0.0389	0.0018	0.0	0.0	

人物_帕斯卡二世             	0.0	0.0	0.0	0.0	0.0	

人物_帕斯卡·孔達波尼          	0.0	0.0	0.0	0.0	0.0	

人物_帕斯卡·西甘            	0.0	0.0	0.0	0.0	0.0	

人物_帕斯卡·祖貝布勒          	0.0	0.0	0.0	0.0	0.0	

人物_帕斯卡爾·拉米           	0.0	0.0	0.0	0.0	0.0	

人物_帕斯卡爾·庫什潘          	0.0371	0.0	0.0371	0.0	0.0	

人物_帕斯卡爾·約阿迪姆納吉       	0.0371	0.0	0.0371	0.0	0.0	

地名_帕斯卡古拉 (密西西比州)     	0.0	0.0	0.0	0.0	0.0	

計算機_帕斯卡命名法           	0.0072	0.0	0.0072	0.0	0.0	


* index: 19

* test sentence: 
年 清晨 帕 斯卡 世 埋 聖艾蒂安 教堂 墳墓 裡
* label: 人物_布萊茲·帕斯卡

* prediction: 物理_帕斯卡定律

* tfidf matrix: 

                    	Tfidf_sum	清晨	斯卡	聖艾蒂安	教堂	墳墓	

main_帕               	0.0403	0.0	0.0403	0.0	0.0	0.0	

單位_帕斯卡               	0.0403	0.0	0.0403	0.0	0.0	0.0	

數學_帕斯卡三角形            	0.007	0.0	0.007	0.0	0.0	0.0	

數學_帕斯卡法則             	0.0033	0.0	0.0033	0.0	0.0	0.0	

數學_帕斯卡定理             	0.018	0.0	0.018	0.0	0.0	0.0	

物理_帕斯卡定律             	0.0663	0.0	0.0663	0.0	0.0	0.0	

人物_布萊茲·帕斯卡           	0.0389	0.0	0.0389	0.0	0.0	0.0	

人物_帕斯卡二世             	0.0	0.0	0.0	0.0	0.0	0.0	

人物_帕斯卡·孔達波尼          	0.0	0.0	0.0	0.0	0.0	0.0	

人物_帕斯卡·西甘            	0.0	0.0	0.0	0.0	0.0	0.0	

人物_帕斯卡·祖貝布勒          	0.0	0.0	0.0	0.0	0.0	0.0	

人物_帕斯卡爾·拉米           	0.0	0.0	0.0	0.0	0.0	0.0	

人物_帕斯卡爾·庫什潘          	0.0	0.0	0.0	0.0	0.0	0.0	

人物_帕斯卡爾·約阿迪姆納吉       	0.0	0.0	0.0	0.0	0.0	0.0	

地名_帕斯卡古拉 (密西西比州)     	0.0	0.0	0.0	0.0	0.0	0.0	

計算機_帕斯卡命名法           	0.0	0.0	0.0	0.0	0.0	0.0	


* index: 20

* test sentence: 
份 屍檢 報告 指出 帕 斯卡 胃 腹部 器官 著 嚴重 問題 腦部 受損
* label: 人物_布萊茲·帕斯卡

* prediction: 物理_帕斯卡定律

* tfidf matrix: 

                    	Tfidf_sum	屍檢	報告	指出	斯卡	腹部	器官	嚴重	問題	腦部	受損	

main_帕               	0.0403	0.0	0.0	0.0	0.0403	0.0	0.0	0.0	0.0	0.0	0.0	

單位_帕斯卡               	0.0403	0.0	0.0	0.0	0.0403	0.0	0.0	0.0	0.0	0.0	0.0	

數學_帕斯卡三角形            	0.007	0.0	0.0	0.0	0.007	0.0	0.0	0.0	0.0	0.0	0.0	

數學_帕斯卡法則             	0.0033	0.0	0.0	0.0	0.0033	0.0	0.0	0.0	0.0	0.0	0.0	

數學_帕斯卡定理             	0.018	0.0	0.0	0.0	0.018	0.0	0.0	0.0	0.0	0.0	0.0	

物理_帕斯卡定律             	0.0663	0.0	0.0	0.0	0.0663	0.0	0.0	0.0	0.0	0.0	0.0	

人物_布萊茲·帕斯卡           	0.0389	0.0	0.0	0.0	0.0389	0.0	0.0	0.0	0.0	0.0	0.0	

人物_帕斯卡二世             	0.0	0.0	0.0	0.0	0.0	0.0	0.0	0.0	0.0	0.0	0.0	

人物_帕斯卡·孔達波尼          	0.0	0.0	0.0	0.0	0.0	0.0	0.0	0.0	0.0	0.0	0.0	

人物_帕斯卡·西甘            	0.0	0.0	0.0	0.0	0.0	0.0	0.0	0.0	0.0	0.0	0.0	

人物_帕斯卡·祖貝布勒          	0.0	0.0	0.0	0.0	0.0	0.0	0.0	0.0	0.0	0.0	0.0	

人物_帕斯卡爾·拉米           	0.0	0.0	0.0	0.0	0.0	0.0	0.0	0.0	0.0	0.0	0.0	

人物_帕斯卡爾·庫什潘          	0.0	0.0	0.0	0.0	0.0	0.0	0.0	0.0	0.0	0.0	0.0	

人物_帕斯卡爾·約阿迪姆納吉       	0.0	0.0	0.0	0.0	0.0	0.0	0.0	0.0	0.0	0.0	0.0	

地名_帕斯卡古拉 (密西西比州)     	0.0	0.0	0.0	0.0	0.0	0.0	0.0	0.0	0.0	0.0	0.0	

計算機_帕斯卡命名法           	0.0	0.0	0.0	0.0	0.0	0.0	0.0	0.0	0.0	0.0	0.0	


* index: 21

* test sentence: 
時常 折磨 著 帕 斯卡 頭痛 般 腦 病變
* label: 人物_布萊茲·帕斯卡

* prediction: 物理_帕斯卡定律

* tfidf matrix: 

                    	Tfidf_sum	時常	折磨	斯卡	頭痛	病變	

main_帕               	0.0403	0.0	0.0	0.0403	0.0	0.0	

單位_帕斯卡               	0.0403	0.0	0.0	0.0403	0.0	0.0	

數學_帕斯卡三角形            	0.007	0.0	0.0	0.007	0.0	0.0	

數學_帕斯卡法則             	0.0033	0.0	0.0	0.0033	0.0	0.0	

數學_帕斯卡定理             	0.018	0.0	0.0	0.018	0.0	0.0	

物理_帕斯卡定律             	0.0663	0.0	0.0	0.0663	0.0	0.0	

人物_布萊茲·帕斯卡           	0.0389	0.0	0.0	0.0389	0.0	0.0	

人物_帕斯卡二世             	0.0	0.0	0.0	0.0	0.0	0.0	

人物_帕斯卡·孔達波尼          	0.0	0.0	0.0	0.0	0.0	0.0	

人物_帕斯卡·西甘            	0.0	0.0	0.0	0.0	0.0	0.0	

人物_帕斯卡·祖貝布勒          	0.0	0.0	0.0	0.0	0.0	0.0	

人物_帕斯卡爾·拉米           	0.0	0.0	0.0	0.0	0.0	0.0	

人物_帕斯卡爾·庫什潘          	0.0	0.0	0.0	0.0	0.0	0.0	

人物_帕斯卡爾·約阿迪姆納吉       	0.0	0.0	0.0	0.0	0.0	0.0	

地名_帕斯卡古拉 (密西西比州)     	0.0	0.0	0.0	0.0	0.0	0.0	

計算機_帕斯卡命名法           	0.0	0.0	0.0	0.0	0.0	0.0	


* index: 22

* test sentence: 
作品 圓錐 曲線 專 關 真空 新 實驗 算數 三角形 外省書 - 精神 寫 簽名 形式 思想錄 未 完成 死亡 類 幸福 紀念 國際 單位制 中 壓強 單位 帕 斯卡 Pa 名字 命名
* label: 人物_布萊茲·帕斯卡

* prediction: main_帕

* tfidf matrix: 

                    	Tfidf_sum	作品	圓錐	曲線	真空	實驗	算數	三角形	外省書	精神	簽名	形式	思想錄	完成	死亡	幸福	紀念	國際	單位制	壓強	單位	斯卡	Pa	名字	命名	

main_帕               	0.0998	0.0	0.0	0.0	0.0	0.0	0.0	0.0	0.0	0.0	0.0	0.0	0.0	0.0	0.0	0.0	0.0	0.0056	0.0056	0.0082	0.0167	0.0403	0.0167	0.0	0.0069	

單位_帕斯卡               	0.0998	0.0	0.0	0.0	0.0	0.0	0.0	0.0	0.0	0.0	0.0	0.0	0.0	0.0	0.0	0.0	0.0	0.0056	0.0056	0.0082	0.0167	0.0403	0.0167	0.0	0.0069	

數學_帕斯卡三角形            	0.0263	0.0	0.0	0.0	0.0	0.0	0.0	0.016	0.0	0.0	0.0	0.0022	0.0	0.0	0.0	0.0	0.0011	0.0	0.0	0.0	0.0	0.007	0.0	0.0	0.0	

數學_帕斯卡法則             	0.0033	0.0	0.0	0.0	0.0	0.0	0.0	0.0	0.0	0.0	0.0	0.0	0.0	0.0	0.0	0.0	0.0	0.0	0.0	0.0	0.0	0.0033	0.0	0.0	0.0	

數學_帕斯卡定理             	0.0329	0.0	0.0075	0.0075	0.0	0.0	0.0	0.0	0.0	0.0	0.0	0.0	0.0	0.0	0.0	0.0	0.0	0.0	0.0	0.0	0.0	0.018	0.0	0.0	0.0	

物理_帕斯卡定律             	0.0866	0.0	0.0	0.0	0.0	0.0	0.0	0.0	0.0	0.0	0.0	0.0	0.0	0.0	0.0	0.0	0.0	0.0	0.0	0.0203	0.0	0.0663	0.0	0.0	0.0	

人物_布萊茲·帕斯卡           	0.0546	0.003	0.004	0.003	0.0008	0.0	0.0	0.001	0.0008	0.0	0.0	0.0	0.0008	0.0	0.0008	0.0	0.0	0.0	0.0	0.0015	0.0	0.0389	0.0	0.0	0.0	

人物_帕斯卡二世             	0.0	0.0	0.0	0.0	0.0	0.0	0.0	0.0	0.0	0.0	0.0	0.0	0.0	0.0	0.0	0.0	0.0	0.0	0.0	0.0	0.0	0.0	0.0	0.0	0.0	

人物_帕斯卡·孔達波尼          	0.0	0.0	0.0	0.0	0.0	0.0	0.0	0.0	0.0	0.0	0.0	0.0	0.0	0.0	0.0	0.0	0.0	0.0	0.0	0.0	0.0	0.0	0.0	0.0	0.0	

人物_帕斯卡·西甘            	0.0	0.0	0.0	0.0	0.0	0.0	0.0	0.0	0.0	0.0	0.0	0.0	0.0	0.0	0.0	0.0	0.0	0.0	0.0	0.0	0.0	0.0	0.0	0.0	0.0	

人物_帕斯卡·祖貝布勒          	0.0	0.0	0.0	0.0	0.0	0.0	0.0	0.0	0.0	0.0	0.0	0.0	0.0	0.0	0.0	0.0	0.0	0.0	0.0	0.0	0.0	0.0	0.0	0.0	0.0	

人物_帕斯卡爾·拉米           	0.0	0.0	0.0	0.0	0.0	0.0	0.0	0.0	0.0	0.0	0.0	0.0	0.0	0.0	0.0	0.0	0.0	0.0	0.0	0.0	0.0	0.0	0.0	0.0	0.0	

人物_帕斯卡爾·庫什潘          	0.0	0.0	0.0	0.0	0.0	0.0	0.0	0.0	0.0	0.0	0.0	0.0	0.0	0.0	0.0	0.0	0.0	0.0	0.0	0.0	0.0	0.0	0.0	0.0	0.0	

人物_帕斯卡爾·約阿迪姆納吉       	0.0	0.0	0.0	0.0	0.0	0.0	0.0	0.0	0.0	0.0	0.0	0.0	0.0	0.0	0.0	0.0	0.0	0.0	0.0	0.0	0.0	0.0	0.0	0.0	0.0	

地名_帕斯卡古拉 (密西西比州)     	0.0	0.0	0.0	0.0	0.0	0.0	0.0	0.0	0.0	0.0	0.0	0.0	0.0	0.0	0.0	0.0	0.0	0.0	0.0	0.0	0.0	0.0	0.0	0.0	0.0	

計算機_帕斯卡命名法           	0.0152	0.0	0.0	0.0	0.0	0.0	0.0	0.0	0.0	0.0	0.0	0.0	0.0	0.0	0.0	0.0	0.0	0.0	0.0	0.0	0.0	0.0	0.0	0.0	0.0152	


* index: 23

* test sentence: 
種 結構化 計算機 編程 語言 帕 斯卡 語言 紀念 命名
* label: 人物_布萊茲·帕斯卡

* prediction: 物理_帕斯卡定律

* tfidf matrix: 

                    	Tfidf_sum	結構化	計算機	編程	語言	斯卡	紀念	命名	

main_帕               	0.0471	0.0	0.0	0.0	0.0	0.0403	0.0	0.0069	

單位_帕斯卡               	0.0471	0.0	0.0	0.0	0.0	0.0403	0.0	0.0069	

數學_帕斯卡三角形            	0.0081	0.0	0.0	0.0	0.0	0.007	0.0011	0.0	

數學_帕斯卡法則             	0.0033	0.0	0.0	0.0	0.0	0.0033	0.0	0.0	

數學_帕斯卡定理             	0.018	0.0	0.0	0.0	0.0	0.018	0.0	0.0	

物理_帕斯卡定律             	0.0663	0.0	0.0	0.0	0.0	0.0663	0.0	0.0	

人物_布萊茲·帕斯卡           	0.0389	0.0	0.0	0.0	0.0	0.0389	0.0	0.0	

人物_帕斯卡二世             	0.0	0.0	0.0	0.0	0.0	0.0	0.0	0.0	

人物_帕斯卡·孔達波尼          	0.0	0.0	0.0	0.0	0.0	0.0	0.0	0.0	

人物_帕斯卡·西甘            	0.0	0.0	0.0	0.0	0.0	0.0	0.0	0.0	

人物_帕斯卡·祖貝布勒          	0.0	0.0	0.0	0.0	0.0	0.0	0.0	0.0	

人物_帕斯卡爾·拉米           	0.0	0.0	0.0	0.0	0.0	0.0	0.0	0.0	

人物_帕斯卡爾·庫什潘          	0.0	0.0	0.0	0.0	0.0	0.0	0.0	0.0	

人物_帕斯卡爾·約阿迪姆納吉       	0.0	0.0	0.0	0.0	0.0	0.0	0.0	0.0	

地名_帕斯卡古拉 (密西西比州)     	0.0	0.0	0.0	0.0	0.0	0.0	0.0	0.0	

計算機_帕斯卡命名法           	0.0183	0.0	0.0	0.0	0.0031	0.0	0.0	0.0152	


* index: 24

* test sentence: 
法國 年度 傑出 獎 頒 布萊茲 帕 斯卡查斯 全 國 傑出 科學家 獎 進行 法蘭西島 研究
* label: 人物_布萊茲·帕斯卡

* prediction: 人物_帕斯卡·西甘

* tfidf matrix: 

                    	Tfidf_sum	法國	年度	傑出	布萊茲	斯卡查斯	科學家	進行	法蘭西島	研究	

main_帕               	0.0114	0.0114	0.0	0.0	0.0	0.0	0.0	0.0	0.0	0.0	

單位_帕斯卡               	0.0114	0.0114	0.0	0.0	0.0	0.0	0.0	0.0	0.0	0.0	

數學_帕斯卡三角形            	0.0015	0.0	0.0	0.0	0.0	0.0	0.0	0.0015	0.0	0.0	

數學_帕斯卡法則             	0.0	0.0	0.0	0.0	0.0	0.0	0.0	0.0	0.0	0.0	

數學_帕斯卡定理             	0.0051	0.0051	0.0	0.0	0.0	0.0	0.0	0.0	0.0	0.0	

物理_帕斯卡定律             	0.0141	0.0141	0.0	0.0	0.0	0.0	0.0	0.0	0.0	0.0	

人物_布萊茲·帕斯卡           	0.0141	0.0062	0.0	0.0015	0.0023	0.0	0.0008	0.001	0.0	0.0023	

人物_帕斯卡二世             	0.0	0.0	0.0	0.0	0.0	0.0	0.0	0.0	0.0	0.0	

人物_帕斯卡·孔達波尼          	0.0	0.0	0.0	0.0	0.0	0.0	0.0	0.0	0.0	0.0	

人物_帕斯卡·西甘            	0.0873	0.0873	0.0	0.0	0.0	0.0	0.0	0.0	0.0	0.0	

人物_帕斯卡·祖貝布勒          	0.0	0.0	0.0	0.0	0.0	0.0	0.0	0.0	0.0	0.0	

人物_帕斯卡爾·拉米           	0.0	0.0	0.0	0.0	0.0	0.0	0.0	0.0	0.0	0.0	

人物_帕斯卡爾·庫什潘          	0.0	0.0	0.0	0.0	0.0	0.0	0.0	0.0	0.0	0.0	

人物_帕斯卡爾·約阿迪姆納吉       	0.0	0.0	0.0	0.0	0.0	0.0	0.0	0.0	0.0	0.0	

地名_帕斯卡古拉 (密西西比州)     	0.0	0.0	0.0	0.0	0.0	0.0	0.0	0.0	0.0	0.0	

計算機_帕斯卡命名法           	0.0	0.0	0.0	0.0	0.0	0.0	0.0	0.0	0.0	0.0	


* index: 25

* test sentence: 
座 位 法國 克萊蒙費朗 學 帕 斯卡 名字 命名為 布萊茲 帕 斯卡 學
* label: 人物_布萊茲·帕斯卡

* prediction: 人物_帕斯卡·西甘

* tfidf matrix: 

                    	Tfidf_sum	法國	克萊蒙費朗	斯卡	名字	命名為	布萊茲	

main_帕               	0.0517	0.0114	0.0	0.0403	0.0	0.0	0.0	

單位_帕斯卡               	0.0517	0.0114	0.0	0.0403	0.0	0.0	0.0	

數學_帕斯卡三角形            	0.007	0.0	0.0	0.007	0.0	0.0	0.0	

數學_帕斯卡法則             	0.0033	0.0	0.0	0.0033	0.0	0.0	0.0	

數學_帕斯卡定理             	0.0231	0.0051	0.0	0.018	0.0	0.0	0.0	

物理_帕斯卡定律             	0.0804	0.0141	0.0	0.0663	0.0	0.0	0.0	

人物_布萊茲·帕斯卡           	0.0482	0.0062	0.0008	0.0389	0.0	0.0	0.0023	

人物_帕斯卡二世             	0.0	0.0	0.0	0.0	0.0	0.0	0.0	

人物_帕斯卡·孔達波尼          	0.0	0.0	0.0	0.0	0.0	0.0	0.0	

人物_帕斯卡·西甘            	0.0873	0.0873	0.0	0.0	0.0	0.0	0.0	

人物_帕斯卡·祖貝布勒          	0.0	0.0	0.0	0.0	0.0	0.0	0.0	

人物_帕斯卡爾·拉米           	0.0	0.0	0.0	0.0	0.0	0.0	0.0	

人物_帕斯卡爾·庫什潘          	0.0	0.0	0.0	0.0	0.0	0.0	0.0	

人物_帕斯卡爾·約阿迪姆納吉       	0.0	0.0	0.0	0.0	0.0	0.0	0.0	

地名_帕斯卡古拉 (密西西比州)     	0.0	0.0	0.0	0.0	0.0	0.0	0.0	

計算機_帕斯卡命名法           	0.0	0.0	0.0	0.0	0.0	0.0	0.0	


* index: 26

* test sentence: 
帕 斯卡 競賽 開放 世界 位 年齡 歲 年級 學生 參加
* label: 人物_布萊茲·帕斯卡

* prediction: 物理_帕斯卡定律

* tfidf matrix: 

                    	Tfidf_sum	斯卡	競賽	開放	世界	年齡	年級	學生	參加	

main_帕               	0.0403	0.0403	0.0	0.0	0.0	0.0	0.0	0.0	0.0	

單位_帕斯卡               	0.0403	0.0403	0.0	0.0	0.0	0.0	0.0	0.0	0.0	

數學_帕斯卡三角形            	0.007	0.007	0.0	0.0	0.0	0.0	0.0	0.0	0.0	

數學_帕斯卡法則             	0.0033	0.0033	0.0	0.0	0.0	0.0	0.0	0.0	0.0	

數學_帕斯卡定理             	0.018	0.018	0.0	0.0	0.0	0.0	0.0	0.0	0.0	

物理_帕斯卡定律             	0.0663	0.0663	0.0	0.0	0.0	0.0	0.0	0.0	0.0	

人物_布萊茲·帕斯卡           	0.0389	0.0389	0.0	0.0	0.0	0.0	0.0	0.0	0.0	

人物_帕斯卡二世             	0.0	0.0	0.0	0.0	0.0	0.0	0.0	0.0	0.0	

人物_帕斯卡·孔達波尼          	0.0	0.0	0.0	0.0	0.0	0.0	0.0	0.0	0.0	

人物_帕斯卡·西甘            	0.0	0.0	0.0	0.0	0.0	0.0	0.0	0.0	0.0	

人物_帕斯卡·祖貝布勒          	0.0027	0.0	0.0	0.0	0.0	0.0	0.0	0.0	0.0027	

人物_帕斯卡爾·拉米           	0.0027	0.0	0.0	0.0	0.0	0.0	0.0	0.0	0.0027	

人物_帕斯卡爾·庫什潘          	0.0	0.0	0.0	0.0	0.0	0.0	0.0	0.0	0.0	

人物_帕斯卡爾·約阿迪姆納吉       	0.0	0.0	0.0	0.0	0.0	0.0	0.0	0.0	0.0	

地名_帕斯卡古拉 (密西西比州)     	0.0	0.0	0.0	0.0	0.0	0.0	0.0	0.0	0.0	

計算機_帕斯卡命名法           	0.0	0.0	0.0	0.0	0.0	0.0	0.0	0.0	0.0	


* index: 27

* test sentence: 
羅伯託·羅塞里尼 導演 部 傳記式 電影 標題 為 布萊茲 帕 斯卡 意利 開始 播送
* label: 人物_布萊茲·帕斯卡

* prediction: 物理_帕斯卡定律

* tfidf matrix: 

                    	Tfidf_sum	羅伯託·羅塞里尼	導演	傳記式	電影	標題	布萊茲	斯卡	意利	開始	播送	

main_帕               	0.0403	0.0	0.0	0.0	0.0	0.0	0.0	0.0403	0.0	0.0	0.0	

單位_帕斯卡               	0.0403	0.0	0.0	0.0	0.0	0.0	0.0	0.0403	0.0	0.0	0.0	

數學_帕斯卡三角形            	0.0114	0.0	0.0	0.0	0.0	0.0	0.0	0.007	0.0018	0.0025	0.0	

數學_帕斯卡法則             	0.0033	0.0	0.0	0.0	0.0	0.0	0.0	0.0033	0.0	0.0	0.0	

數學_帕斯卡定理             	0.018	0.0	0.0	0.0	0.0	0.0	0.0	0.018	0.0	0.0	0.0	

物理_帕斯卡定律             	0.0663	0.0	0.0	0.0	0.0	0.0	0.0	0.0663	0.0	0.0	0.0	

人物_布萊茲·帕斯卡           	0.043	0.0	0.0	0.0	0.0	0.0	0.0023	0.0389	0.0	0.0018	0.0	

人物_帕斯卡二世             	0.0055	0.0	0.0	0.0	0.0	0.0	0.0	0.0	0.0055	0.0	0.0	

人物_帕斯卡·孔達波尼          	0.0055	0.0	0.0	0.0	0.0	0.0	0.0	0.0	0.0055	0.0	0.0	

人物_帕斯卡·西甘            	0.0	0.0	0.0	0.0	0.0	0.0	0.0	0.0	0.0	0.0	0.0	

人物_帕斯卡·祖貝布勒          	0.0	0.0	0.0	0.0	0.0	0.0	0.0	0.0	0.0	0.0	0.0	

人物_帕斯卡爾·拉米           	0.0	0.0	0.0	0.0	0.0	0.0	0.0	0.0	0.0	0.0	0.0	

人物_帕斯卡爾·庫什潘          	0.0371	0.0	0.0	0.0	0.0	0.0	0.0	0.0	0.0	0.0371	0.0	

人物_帕斯卡爾·約阿迪姆納吉       	0.0371	0.0	0.0	0.0	0.0	0.0	0.0	0.0	0.0	0.0371	0.0	

地名_帕斯卡古拉 (密西西比州)     	0.0	0.0	0.0	0.0	0.0	0.0	0.0	0.0	0.0	0.0	0.0	

計算機_帕斯卡命名法           	0.0072	0.0	0.0	0.0	0.0	0.0	0.0	0.0	0.0	0.0072	0.0	


* index: 28

* test sentence: 
帕 斯卡 年 BBCTwo 版 紀錄片 海洋 真相 裡 成為 主題 克匹特 飾演
* label: 人物_布萊茲·帕斯卡

* prediction: 物理_帕斯卡定律

* tfidf matrix: 

                    	Tfidf_sum	斯卡	BBCTwo	紀錄片	海洋	真相	成為	主題	克匹特	飾演	

main_帕               	0.0403	0.0403	0.0	0.0	0.0	0.0	0.0	0.0	0.0	0.0	

單位_帕斯卡               	0.0403	0.0403	0.0	0.0	0.0	0.0	0.0	0.0	0.0	0.0	

數學_帕斯卡三角形            	0.007	0.007	0.0	0.0	0.0	0.0	0.0	0.0	0.0	0.0	

數學_帕斯卡法則             	0.0033	0.0033	0.0	0.0	0.0	0.0	0.0	0.0	0.0	0.0	

數學_帕斯卡定理             	0.018	0.018	0.0	0.0	0.0	0.0	0.0	0.0	0.0	0.0	

物理_帕斯卡定律             	0.0663	0.0663	0.0	0.0	0.0	0.0	0.0	0.0	0.0	0.0	

人物_布萊茲·帕斯卡           	0.0412	0.0389	0.0	0.0	0.0	0.0	0.0015	0.0008	0.0	0.0	

人物_帕斯卡二世             	0.0	0.0	0.0	0.0	0.0	0.0	0.0	0.0	0.0	0.0	

人物_帕斯卡·孔達波尼          	0.0	0.0	0.0	0.0	0.0	0.0	0.0	0.0	0.0	0.0	

人物_帕斯卡·西甘            	0.0	0.0	0.0	0.0	0.0	0.0	0.0	0.0	0.0	0.0	

人物_帕斯卡·祖貝布勒          	0.0	0.0	0.0	0.0	0.0	0.0	0.0	0.0	0.0	0.0	

人物_帕斯卡爾·拉米           	0.0	0.0	0.0	0.0	0.0	0.0	0.0	0.0	0.0	0.0	

人物_帕斯卡爾·庫什潘          	0.0	0.0	0.0	0.0	0.0	0.0	0.0	0.0	0.0	0.0	

人物_帕斯卡爾·約阿迪姆納吉       	0.0	0.0	0.0	0.0	0.0	0.0	0.0	0.0	0.0	0.0	

地名_帕斯卡古拉 (密西西比州)     	0.0	0.0	0.0	0.0	0.0	0.0	0.0	0.0	0.0	0.0	

計算機_帕斯卡命名法           	0.0	0.0	0.0	0.0	0.0	0.0	0.0	0.0	0.0	0.0	


* index: 29

* test sentence: 
參見 年 帕 斯卡古拉 事件
* label: 地名_帕斯卡古拉 (密西西比州)

* prediction: 地名_帕斯卡古拉 (密西西比州)

* tfidf matrix: 

                    	Tfidf_sum	參見	斯卡古拉	事件	

main_帕               	0.0	0.0	0.0	0.0	

單位_帕斯卡               	0.0	0.0	0.0	0.0	

數學_帕斯卡三角形            	0.0	0.0	0.0	0.0	

數學_帕斯卡法則             	0.0	0.0	0.0	0.0	

數學_帕斯卡定理             	0.0	0.0	0.0	0.0	

物理_帕斯卡定律             	0.0	0.0	0.0	0.0	

人物_布萊茲·帕斯卡           	0.0	0.0	0.0	0.0	

人物_帕斯卡二世             	0.0	0.0	0.0	0.0	

人物_帕斯卡·孔達波尼          	0.0	0.0	0.0	0.0	

人物_帕斯卡·西甘            	0.0	0.0	0.0	0.0	

人物_帕斯卡·祖貝布勒          	0.0	0.0	0.0	0.0	

人物_帕斯卡爾·拉米           	0.0	0.0	0.0	0.0	

人物_帕斯卡爾·庫什潘          	0.0	0.0	0.0	0.0	

人物_帕斯卡爾·約阿迪姆納吉       	0.0	0.0	0.0	0.0	

地名_帕斯卡古拉 (密西西比州)     	0.0147	0.0	0.0147	0.0	

計算機_帕斯卡命名法           	0.0	0.0	0.0	0.0	


* index: 0

* test sentence: 
氣象學家 天 氣壓 百 帕 hPa 毫 詞頭 百 hecto , h 研究 領域 類似 壓力值 千 帕 kPa 測量
* label: main_帕

* prediction: main_帕

* tfidf matrix: 

                    	Tfidf_sum	氣象學家	氣壓	hPa	詞頭	hecto	研究	領域	類似	壓力值	kPa	測量	

main_帕               	0.0194	0.0082	0.0	0.0056	0.0	0.0	0.0	0.0	0.0	0.0	0.0056	0.0	

單位_帕斯卡               	0.0194	0.0082	0.0	0.0056	0.0	0.0	0.0	0.0	0.0	0.0	0.0056	0.0	

數學_帕斯卡三角形            	0.0	0.0	0.0	0.0	0.0	0.0	0.0	0.0	0.0	0.0	0.0	0.0	

數學_帕斯卡法則             	0.0	0.0	0.0	0.0	0.0	0.0	0.0	0.0	0.0	0.0	0.0	0.0	

數學_帕斯卡定理             	0.0	0.0	0.0	0.0	0.0	0.0	0.0	0.0	0.0	0.0	0.0	0.0	

物理_帕斯卡定律             	0.0102	0.0102	0.0	0.0	0.0	0.0	0.0	0.0	0.0	0.0	0.0	0.0	

人物_布萊茲·帕斯卡           	0.0045	0.0015	0.0	0.0	0.0	0.0	0.0023	0.0008	0.0	0.0	0.0	0.0	

人物_帕斯卡二世             	0.0	0.0	0.0	0.0	0.0	0.0	0.0	0.0	0.0	0.0	0.0	0.0	

人物_帕斯卡·孔達波尼          	0.0	0.0	0.0	0.0	0.0	0.0	0.0	0.0	0.0	0.0	0.0	0.0	

人物_帕斯卡·西甘            	0.0	0.0	0.0	0.0	0.0	0.0	0.0	0.0	0.0	0.0	0.0	0.0	

人物_帕斯卡·祖貝布勒          	0.0	0.0	0.0	0.0	0.0	0.0	0.0	0.0	0.0	0.0	0.0	0.0	

人物_帕斯卡爾·拉米           	0.0	0.0	0.0	0.0	0.0	0.0	0.0	0.0	0.0	0.0	0.0	0.0	

人物_帕斯卡爾·庫什潘          	0.0	0.0	0.0	0.0	0.0	0.0	0.0	0.0	0.0	0.0	0.0	0.0	

人物_帕斯卡爾·約阿迪姆納吉       	0.0	0.0	0.0	0.0	0.0	0.0	0.0	0.0	0.0	0.0	0.0	0.0	

地名_帕斯卡古拉 (密西西比州)     	0.0	0.0	0.0	0.0	0.0	0.0	0.0	0.0	0.0	0.0	0.0	0.0	

計算機_帕斯卡命名法           	0.0	0.0	0.0	0.0	0.0	0.0	0.0	0.0	0.0	0.0	0.0	0.0	


* index: 1

* test sentence: 
百 帕 hPa =Pa=mbar 千 帕 kPa = Pa= h Pa 百萬 帕 MPa = × Pa 十億 帕 GPa =×Pa == 帕 斯卡 單位 轉換 ==
* label: main_帕

* prediction: main_帕

* tfidf matrix: 

                    	Tfidf_sum	hPa	=Pa=mbar	kPa	Pa=	Pa	百萬	MPa	十億	GPa	=×Pa	==	斯卡	單位	轉換	

main_帕               	0.0959	0.0056	0.0	0.0056	0.0	0.0167	0.0	0.0056	0.0	0.0056	0.0	0.0	0.0403	0.0167	0.0	

單位_帕斯卡               	0.0959	0.0056	0.0	0.0056	0.0	0.0167	0.0	0.0056	0.0	0.0056	0.0	0.0	0.0403	0.0167	0.0	

數學_帕斯卡三角形            	0.007	0.0	0.0	0.0	0.0	0.0	0.0	0.0	0.0	0.0	0.0	0.0	0.007	0.0	0.0	

數學_帕斯卡法則             	0.0033	0.0	0.0	0.0	0.0	0.0	0.0	0.0	0.0	0.0	0.0	0.0	0.0033	0.0	0.0	

數學_帕斯卡定理             	0.018	0.0	0.0	0.0	0.0	0.0	0.0	0.0	0.0	0.0	0.0	0.0	0.018	0.0	0.0	

物理_帕斯卡定律             	0.0663	0.0	0.0	0.0	0.0	0.0	0.0	0.0	0.0	0.0	0.0	0.0	0.0663	0.0	0.0	

人物_布萊茲·帕斯卡           	0.0389	0.0	0.0	0.0	0.0	0.0	0.0	0.0	0.0	0.0	0.0	0.0	0.0389	0.0	0.0	

人物_帕斯卡二世             	0.0	0.0	0.0	0.0	0.0	0.0	0.0	0.0	0.0	0.0	0.0	0.0	0.0	0.0	0.0	

人物_帕斯卡·孔達波尼          	0.0	0.0	0.0	0.0	0.0	0.0	0.0	0.0	0.0	0.0	0.0	0.0	0.0	0.0	0.0	

人物_帕斯卡·西甘            	0.0	0.0	0.0	0.0	0.0	0.0	0.0	0.0	0.0	0.0	0.0	0.0	0.0	0.0	0.0	

人物_帕斯卡·祖貝布勒          	0.0	0.0	0.0	0.0	0.0	0.0	0.0	0.0	0.0	0.0	0.0	0.0	0.0	0.0	0.0	

人物_帕斯卡爾·拉米           	0.0	0.0	0.0	0.0	0.0	0.0	0.0	0.0	0.0	0.0	0.0	0.0	0.0	0.0	0.0	

人物_帕斯卡爾·庫什潘          	0.0	0.0	0.0	0.0	0.0	0.0	0.0	0.0	0.0	0.0	0.0	0.0	0.0	0.0	0.0	

人物_帕斯卡爾·約阿迪姆納吉       	0.0	0.0	0.0	0.0	0.0	0.0	0.0	0.0	0.0	0.0	0.0	0.0	0.0	0.0	0.0	

地名_帕斯卡古拉 (密西西比州)     	0.0	0.0	0.0	0.0	0.0	0.0	0.0	0.0	0.0	0.0	0.0	0.0	0.0	0.0	0.0	

計算機_帕斯卡命名法           	0.0	0.0	0.0	0.0	0.0	0.0	0.0	0.0	0.0	0.0	0.0	0.0	0.0	0.0	0.0	


* index: 2

* test sentence: 
氣象學家 天 氣壓 百 帕 hPa 毫 詞頭 百 hecto , h 研究 領域 類似 壓力值 千 帕 kPa 測量
* label: 單位_帕斯卡

* prediction: main_帕

* tfidf matrix: 

                    	Tfidf_sum	氣象學家	氣壓	hPa	詞頭	hecto	研究	領域	類似	壓力值	kPa	測量	

main_帕               	0.0194	0.0082	0.0	0.0056	0.0	0.0	0.0	0.0	0.0	0.0	0.0056	0.0	

單位_帕斯卡               	0.0194	0.0082	0.0	0.0056	0.0	0.0	0.0	0.0	0.0	0.0	0.0056	0.0	

數學_帕斯卡三角形            	0.0	0.0	0.0	0.0	0.0	0.0	0.0	0.0	0.0	0.0	0.0	0.0	

數學_帕斯卡法則             	0.0	0.0	0.0	0.0	0.0	0.0	0.0	0.0	0.0	0.0	0.0	0.0	

數學_帕斯卡定理             	0.0	0.0	0.0	0.0	0.0	0.0	0.0	0.0	0.0	0.0	0.0	0.0	

物理_帕斯卡定律             	0.0102	0.0102	0.0	0.0	0.0	0.0	0.0	0.0	0.0	0.0	0.0	0.0	

人物_布萊茲·帕斯卡           	0.0045	0.0015	0.0	0.0	0.0	0.0	0.0023	0.0008	0.0	0.0	0.0	0.0	

人物_帕斯卡二世             	0.0	0.0	0.0	0.0	0.0	0.0	0.0	0.0	0.0	0.0	0.0	0.0	

人物_帕斯卡·孔達波尼          	0.0	0.0	0.0	0.0	0.0	0.0	0.0	0.0	0.0	0.0	0.0	0.0	

人物_帕斯卡·西甘            	0.0	0.0	0.0	0.0	0.0	0.0	0.0	0.0	0.0	0.0	0.0	0.0	

人物_帕斯卡·祖貝布勒          	0.0	0.0	0.0	0.0	0.0	0.0	0.0	0.0	0.0	0.0	0.0	0.0	

人物_帕斯卡爾·拉米           	0.0	0.0	0.0	0.0	0.0	0.0	0.0	0.0	0.0	0.0	0.0	0.0	

人物_帕斯卡爾·庫什潘          	0.0	0.0	0.0	0.0	0.0	0.0	0.0	0.0	0.0	0.0	0.0	0.0	

人物_帕斯卡爾·約阿迪姆納吉       	0.0	0.0	0.0	0.0	0.0	0.0	0.0	0.0	0.0	0.0	0.0	0.0	

地名_帕斯卡古拉 (密西西比州)     	0.0	0.0	0.0	0.0	0.0	0.0	0.0	0.0	0.0	0.0	0.0	0.0	

計算機_帕斯卡命名法           	0.0	0.0	0.0	0.0	0.0	0.0	0.0	0.0	0.0	0.0	0.0	0.0	


* index: 3

* test sentence: 
百 帕 hPa =Pa=mbar 千 帕 kPa = Pa= h Pa 百萬 帕 MPa = × Pa 十億 帕 GPa =×Pa == 帕 斯卡 單位 轉換 ==
* label: 單位_帕斯卡

* prediction: main_帕

* tfidf matrix: 

                    	Tfidf_sum	hPa	=Pa=mbar	kPa	Pa=	Pa	百萬	MPa	十億	GPa	=×Pa	==	斯卡	單位	轉換	

main_帕               	0.0959	0.0056	0.0	0.0056	0.0	0.0167	0.0	0.0056	0.0	0.0056	0.0	0.0	0.0403	0.0167	0.0	

單位_帕斯卡               	0.0959	0.0056	0.0	0.0056	0.0	0.0167	0.0	0.0056	0.0	0.0056	0.0	0.0	0.0403	0.0167	0.0	

數學_帕斯卡三角形            	0.007	0.0	0.0	0.0	0.0	0.0	0.0	0.0	0.0	0.0	0.0	0.0	0.007	0.0	0.0	

數學_帕斯卡法則             	0.0033	0.0	0.0	0.0	0.0	0.0	0.0	0.0	0.0	0.0	0.0	0.0	0.0033	0.0	0.0	

數學_帕斯卡定理             	0.018	0.0	0.0	0.0	0.0	0.0	0.0	0.0	0.0	0.0	0.0	0.0	0.018	0.0	0.0	

物理_帕斯卡定律             	0.0663	0.0	0.0	0.0	0.0	0.0	0.0	0.0	0.0	0.0	0.0	0.0	0.0663	0.0	0.0	

人物_布萊茲·帕斯卡           	0.0389	0.0	0.0	0.0	0.0	0.0	0.0	0.0	0.0	0.0	0.0	0.0	0.0389	0.0	0.0	

人物_帕斯卡二世             	0.0	0.0	0.0	0.0	0.0	0.0	0.0	0.0	0.0	0.0	0.0	0.0	0.0	0.0	0.0	

人物_帕斯卡·孔達波尼          	0.0	0.0	0.0	0.0	0.0	0.0	0.0	0.0	0.0	0.0	0.0	0.0	0.0	0.0	0.0	

人物_帕斯卡·西甘            	0.0	0.0	0.0	0.0	0.0	0.0	0.0	0.0	0.0	0.0	0.0	0.0	0.0	0.0	0.0	

人物_帕斯卡·祖貝布勒          	0.0	0.0	0.0	0.0	0.0	0.0	0.0	0.0	0.0	0.0	0.0	0.0	0.0	0.0	0.0	

人物_帕斯卡爾·拉米           	0.0	0.0	0.0	0.0	0.0	0.0	0.0	0.0	0.0	0.0	0.0	0.0	0.0	0.0	0.0	

人物_帕斯卡爾·庫什潘          	0.0	0.0	0.0	0.0	0.0	0.0	0.0	0.0	0.0	0.0	0.0	0.0	0.0	0.0	0.0	

人物_帕斯卡爾·約阿迪姆納吉       	0.0	0.0	0.0	0.0	0.0	0.0	0.0	0.0	0.0	0.0	0.0	0.0	0.0	0.0	0.0	

地名_帕斯卡古拉 (密西西比州)     	0.0	0.0	0.0	0.0	0.0	0.0	0.0	0.0	0.0	0.0	0.0	0.0	0.0	0.0	0.0	

計算機_帕斯卡命名法           	0.0	0.0	0.0	0.0	0.0	0.0	0.0	0.0	0.0	0.0	0.0	0.0	0.0	0.0	0.0	


* index: 4

* test sentence: 
布萊士· 帕 斯卡 著作 Traitédutrianglearithmétique 年 介紹 三角形
* label: 數學_帕斯卡三角形

* prediction: 物理_帕斯卡定律

* tfidf matrix: 

                    	Tfidf_sum	布萊士·	斯卡	著作	Traitédutrianglearithmétique	介紹	三角形	

main_帕               	0.0403	0.0	0.0403	0.0	0.0	0.0	0.0	

單位_帕斯卡               	0.0403	0.0	0.0403	0.0	0.0	0.0	0.0	

數學_帕斯卡三角形            	0.0241	0.0	0.007	0.0011	0.0	0.0	0.016	

數學_帕斯卡法則             	0.0033	0.0	0.0033	0.0	0.0	0.0	0.0	

數學_帕斯卡定理             	0.0205	0.0025	0.018	0.0	0.0	0.0	0.0	

物理_帕斯卡定律             	0.0732	0.0069	0.0663	0.0	0.0	0.0	0.0	

人物_布萊茲·帕斯卡           	0.04	0.0	0.0389	0.0	0.0	0.0	0.001	

人物_帕斯卡二世             	0.0	0.0	0.0	0.0	0.0	0.0	0.0	

人物_帕斯卡·孔達波尼          	0.0	0.0	0.0	0.0	0.0	0.0	0.0	

人物_帕斯卡·西甘            	0.0	0.0	0.0	0.0	0.0	0.0	0.0	

人物_帕斯卡·祖貝布勒          	0.0	0.0	0.0	0.0	0.0	0.0	0.0	

人物_帕斯卡爾·拉米           	0.0	0.0	0.0	0.0	0.0	0.0	0.0	

人物_帕斯卡爾·庫什潘          	0.0	0.0	0.0	0.0	0.0	0.0	0.0	

人物_帕斯卡爾·約阿迪姆納吉       	0.0	0.0	0.0	0.0	0.0	0.0	0.0	

地名_帕斯卡古拉 (密西西比州)     	0.0	0.0	0.0	0.0	0.0	0.0	0.0	

計算機_帕斯卡命名法           	0.0	0.0	0.0	0.0	0.0	0.0	0.0	


* index: 5

* test sentence: 
帕 斯卡 蒐集 關 結果 解決 概率 問題 影響面 廣泛 PierreRaymondde Montmort 年 亞伯拉罕 ·棣莫弗 年 帕 斯卡 稱呼 三角形
* label: 數學_帕斯卡三角形

* prediction: 物理_帕斯卡定律

* tfidf matrix: 

                    	Tfidf_sum	斯卡	蒐集	結果	解決	概率	問題	影響面	廣泛	PierreRaymondde	Montmort	亞伯拉罕	·棣莫弗	稱呼	三角形	

main_帕               	0.0403	0.0403	0.0	0.0	0.0	0.0	0.0	0.0	0.0	0.0	0.0	0.0	0.0	0.0	0.0	

單位_帕斯卡               	0.0403	0.0403	0.0	0.0	0.0	0.0	0.0	0.0	0.0	0.0	0.0	0.0	0.0	0.0	0.0	

數學_帕斯卡三角形            	0.023	0.007	0.0	0.0	0.0	0.0	0.0	0.0	0.0	0.0	0.0	0.0	0.0	0.0	0.016	

數學_帕斯卡法則             	0.0033	0.0033	0.0	0.0	0.0	0.0	0.0	0.0	0.0	0.0	0.0	0.0	0.0	0.0	0.0	

數學_帕斯卡定理             	0.018	0.018	0.0	0.0	0.0	0.0	0.0	0.0	0.0	0.0	0.0	0.0	0.0	0.0	0.0	

物理_帕斯卡定律             	0.0663	0.0663	0.0	0.0	0.0	0.0	0.0	0.0	0.0	0.0	0.0	0.0	0.0	0.0	0.0	

人物_布萊茲·帕斯卡           	0.0407	0.0389	0.0	0.0	0.0	0.0008	0.0	0.0	0.0	0.0	0.0	0.0	0.0	0.0	0.001	

人物_帕斯卡二世             	0.0022	0.0	0.0	0.0	0.0022	0.0	0.0	0.0	0.0	0.0	0.0	0.0	0.0	0.0	0.0	

人物_帕斯卡·孔達波尼          	0.0022	0.0	0.0	0.0	0.0022	0.0	0.0	0.0	0.0	0.0	0.0	0.0	0.0	0.0	0.0	

人物_帕斯卡·西甘            	0.0	0.0	0.0	0.0	0.0	0.0	0.0	0.0	0.0	0.0	0.0	0.0	0.0	0.0	0.0	

人物_帕斯卡·祖貝布勒          	0.0	0.0	0.0	0.0	0.0	0.0	0.0	0.0	0.0	0.0	0.0	0.0	0.0	0.0	0.0	

人物_帕斯卡爾·拉米           	0.0	0.0	0.0	0.0	0.0	0.0	0.0	0.0	0.0	0.0	0.0	0.0	0.0	0.0	0.0	

人物_帕斯卡爾·庫什潘          	0.0	0.0	0.0	0.0	0.0	0.0	0.0	0.0	0.0	0.0	0.0	0.0	0.0	0.0	0.0	

人物_帕斯卡爾·約阿迪姆納吉       	0.0	0.0	0.0	0.0	0.0	0.0	0.0	0.0	0.0	0.0	0.0	0.0	0.0	0.0	0.0	

地名_帕斯卡古拉 (密西西比州)     	0.0	0.0	0.0	0.0	0.0	0.0	0.0	0.0	0.0	0.0	0.0	0.0	0.0	0.0	0.0	

計算機_帕斯卡命名法           	0.0	0.0	0.0	0.0	0.0	0.0	0.0	0.0	0.0	0.0	0.0	0.0	0.0	0.0	0.0	


* index: 6

* test sentence: 
歷史 獨立 繪製 種 圖表 數學家 Karaji OmarKhayyám 波斯 世紀 圖文 存 賈憲 中國 北宋 世紀 釋鎖 算術 圖 文 現存 英 博物館 藏 永樂 典 楊輝 中國 南宋 詳解 九 章 算法 記載 功 圖 文 現存 英 博物館 藏 永樂 典 朱世傑 中國 元代 四元玉鑑 級數 求 公式 ·卡西 拉伯 算術 鑰匙 現存 圖 文 皮亞納斯 德國 施蒂費 德國 綜合 算術 二項式 展開式 係數 薛貝 法國 B · 帕 斯卡 法國 算術 三角形 中國 數學家 研究 中國 賈憲 賈憲 三角 發明 賈憲 / 楊輝 稱 釋鎖 求 廉 源 朱世傑 稱 古法 七 方圖 年 明代 數學家 吳敬 九 章 詳 註 類 算法 全 稱 開方 作法 源 年 明 王文素 算學 寶鑑 稱 開方 源 圖 年 明代 程位 算法 統宗 稱 開 方 求 廉率 作法 源 圖 年
* label: 數學_帕斯卡三角形

* prediction: 物理_帕斯卡定律

* tfidf matrix: 

                    	Tfidf_sum	歷史	獨立	繪製	圖表	數學家	Karaji	OmarKhayyám	波斯	世紀	圖文	賈憲	中國	北宋	釋鎖	算術	現存	博物館	永樂	楊輝	南宋	詳解	算法	記載	朱世傑	元代	四元玉鑑	級數	公式	·卡西	拉伯	鑰匙	皮亞納斯	德國	施蒂費	綜合	二項式	展開式	係數	薛貝	法國	斯卡	三角形	研究	三角	發明	古法	方圖	明代	吳敬	開方	作法	王文素	算學	寶鑑	程位	統宗	廉率	

main_帕               	0.0631	0.0	0.0	0.0	0.0	0.0114	0.0	0.0	0.0	0.0	0.0	0.0	0.0	0.0	0.0	0.0	0.0	0.0	0.0	0.0	0.0	0.0	0.0	0.0	0.0	0.0	0.0	0.0	0.0	0.0	0.0	0.0	0.0	0.0	0.0	0.0	0.0	0.0	0.0	0.0	0.0114	0.0403	0.0	0.0	0.0	0.0	0.0	0.0	0.0	0.0	0.0	0.0	0.0	0.0	0.0	0.0	0.0	0.0	

單位_帕斯卡               	0.0631	0.0	0.0	0.0	0.0	0.0114	0.0	0.0	0.0	0.0	0.0	0.0	0.0	0.0	0.0	0.0	0.0	0.0	0.0	0.0	0.0	0.0	0.0	0.0	0.0	0.0	0.0	0.0	0.0	0.0	0.0	0.0	0.0	0.0	0.0	0.0	0.0	0.0	0.0	0.0	0.0114	0.0403	0.0	0.0	0.0	0.0	0.0	0.0	0.0	0.0	0.0	0.0	0.0	0.0	0.0	0.0	0.0	0.0	

數學_帕斯卡三角形            	0.0936	0.0011	0.0	0.0011	0.0	0.012	0.0	0.0011	0.0011	0.0055	0.0	0.0066	0.0022	0.0011	0.0011	0.0022	0.0	0.0011	0.0011	0.0077	0.0022	0.0022	0.0011	0.0	0.0011	0.0011	0.0011	0.0	0.0	0.0	0.0	0.0	0.0	0.0	0.0	0.0	0.0058	0.0011	0.0044	0.0	0.0	0.007	0.016	0.0	0.0022	0.0011	0.0011	0.0011	0.0	0.0	0.0	0.0	0.0	0.0	0.0	0.0	0.0	0.0	

數學_帕斯卡法則             	0.006	0.0	0.0	0.0	0.0	0.0	0.0	0.0	0.0	0.0	0.0	0.0	0.0	0.0	0.0	0.0	0.0	0.0	0.0	0.0	0.0	0.0	0.0	0.0	0.0	0.0	0.0	0.0	0.0	0.0	0.0	0.0	0.0	0.0	0.0	0.0	0.0014	0.0	0.0014	0.0	0.0	0.0033	0.0	0.0	0.0	0.0	0.0	0.0	0.0	0.0	0.0	0.0	0.0	0.0	0.0	0.0	0.0	0.0	

數學_帕斯卡定理             	0.0282	0.0	0.0	0.0	0.0	0.0051	0.0	0.0	0.0	0.0	0.0	0.0	0.0	0.0	0.0	0.0	0.0	0.0	0.0	0.0	0.0	0.0	0.0	0.0	0.0	0.0	0.0	0.0	0.0	0.0	0.0	0.0	0.0	0.0	0.0	0.0	0.0	0.0	0.0	0.0	0.0051	0.018	0.0	0.0	0.0	0.0	0.0	0.0	0.0	0.0	0.0	0.0	0.0	0.0	0.0	0.0	0.0	0.0	

物理_帕斯卡定律             	0.0945	0.0	0.0	0.0	0.0	0.0141	0.0	0.0	0.0	0.0	0.0	0.0	0.0	0.0	0.0	0.0	0.0	0.0	0.0	0.0	0.0	0.0	0.0	0.0	0.0	0.0	0.0	0.0	0.0	0.0	0.0	0.0	0.0	0.0	0.0	0.0	0.0	0.0	0.0	0.0	0.0141	0.0663	0.0	0.0	0.0	0.0	0.0	0.0	0.0	0.0	0.0	0.0	0.0	0.0	0.0	0.0	0.0	0.0	

人物_布萊茲·帕斯卡           	0.0534	0.0	0.0008	0.0	0.0	0.0041	0.0	0.0	0.0	0.0	0.0	0.0	0.0	0.0	0.0	0.0	0.0	0.0	0.0	0.0	0.0	0.0	0.0	0.0	0.0	0.0	0.0	0.0	0.0	0.0	0.0	0.0	0.0	0.0	0.0	0.0	0.0	0.0	0.0	0.0	0.0062	0.0389	0.001	0.0023	0.0	0.0	0.0	0.0	0.0	0.0	0.0	0.0	0.0	0.0	0.0	0.0	0.0	0.0	

人物_帕斯卡二世             	0.0	0.0	0.0	0.0	0.0	0.0	0.0	0.0	0.0	0.0	0.0	0.0	0.0	0.0	0.0	0.0	0.0	0.0	0.0	0.0	0.0	0.0	0.0	0.0	0.0	0.0	0.0	0.0	0.0	0.0	0.0	0.0	0.0	0.0	0.0	0.0	0.0	0.0	0.0	0.0	0.0	0.0	0.0	0.0	0.0	0.0	0.0	0.0	0.0	0.0	0.0	0.0	0.0	0.0	0.0	0.0	0.0	0.0	

人物_帕斯卡·孔達波尼          	0.0	0.0	0.0	0.0	0.0	0.0	0.0	0.0	0.0	0.0	0.0	0.0	0.0	0.0	0.0	0.0	0.0	0.0	0.0	0.0	0.0	0.0	0.0	0.0	0.0	0.0	0.0	0.0	0.0	0.0	0.0	0.0	0.0	0.0	0.0	0.0	0.0	0.0	0.0	0.0	0.0	0.0	0.0	0.0	0.0	0.0	0.0	0.0	0.0	0.0	0.0	0.0	0.0	0.0	0.0	0.0	0.0	0.0	

人物_帕斯卡·西甘            	0.0873	0.0	0.0	0.0	0.0	0.0	0.0	0.0	0.0	0.0	0.0	0.0	0.0	0.0	0.0	0.0	0.0	0.0	0.0	0.0	0.0	0.0	0.0	0.0	0.0	0.0	0.0	0.0	0.0	0.0	0.0	0.0	0.0	0.0	0.0	0.0	0.0	0.0	0.0	0.0	0.0873	0.0	0.0	0.0	0.0	0.0	0.0	0.0	0.0	0.0	0.0	0.0	0.0	0.0	0.0	0.0	0.0	0.0	

人物_帕斯卡·祖貝布勒          	0.0	0.0	0.0	0.0	0.0	0.0	0.0	0.0	0.0	0.0	0.0	0.0	0.0	0.0	0.0	0.0	0.0	0.0	0.0	0.0	0.0	0.0	0.0	0.0	0.0	0.0	0.0	0.0	0.0	0.0	0.0	0.0	0.0	0.0	0.0	0.0	0.0	0.0	0.0	0.0	0.0	0.0	0.0	0.0	0.0	0.0	0.0	0.0	0.0	0.0	0.0	0.0	0.0	0.0	0.0	0.0	0.0	0.0	

人物_帕斯卡爾·拉米           	0.0	0.0	0.0	0.0	0.0	0.0	0.0	0.0	0.0	0.0	0.0	0.0	0.0	0.0	0.0	0.0	0.0	0.0	0.0	0.0	0.0	0.0	0.0	0.0	0.0	0.0	0.0	0.0	0.0	0.0	0.0	0.0	0.0	0.0	0.0	0.0	0.0	0.0	0.0	0.0	0.0	0.0	0.0	0.0	0.0	0.0	0.0	0.0	0.0	0.0	0.0	0.0	0.0	0.0	0.0	0.0	0.0	0.0	

人物_帕斯卡爾·庫什潘          	0.0	0.0	0.0	0.0	0.0	0.0	0.0	0.0	0.0	0.0	0.0	0.0	0.0	0.0	0.0	0.0	0.0	0.0	0.0	0.0	0.0	0.0	0.0	0.0	0.0	0.0	0.0	0.0	0.0	0.0	0.0	0.0	0.0	0.0	0.0	0.0	0.0	0.0	0.0	0.0	0.0	0.0	0.0	0.0	0.0	0.0	0.0	0.0	0.0	0.0	0.0	0.0	0.0	0.0	0.0	0.0	0.0	0.0	

人物_帕斯卡爾·約阿迪姆納吉       	0.0	0.0	0.0	0.0	0.0	0.0	0.0	0.0	0.0	0.0	0.0	0.0	0.0	0.0	0.0	0.0	0.0	0.0	0.0	0.0	0.0	0.0	0.0	0.0	0.0	0.0	0.0	0.0	0.0	0.0	0.0	0.0	0.0	0.0	0.0	0.0	0.0	0.0	0.0	0.0	0.0	0.0	0.0	0.0	0.0	0.0	0.0	0.0	0.0	0.0	0.0	0.0	0.0	0.0	0.0	0.0	0.0	0.0	

地名_帕斯卡古拉 (密西西比州)     	0.0	0.0	0.0	0.0	0.0	0.0	0.0	0.0	0.0	0.0	0.0	0.0	0.0	0.0	0.0	0.0	0.0	0.0	0.0	0.0	0.0	0.0	0.0	0.0	0.0	0.0	0.0	0.0	0.0	0.0	0.0	0.0	0.0	0.0	0.0	0.0	0.0	0.0	0.0	0.0	0.0	0.0	0.0	0.0	0.0	0.0	0.0	0.0	0.0	0.0	0.0	0.0	0.0	0.0	0.0	0.0	0.0	0.0	

計算機_帕斯卡命名法           	0.0	0.0	0.0	0.0	0.0	0.0	0.0	0.0	0.0	0.0	0.0	0.0	0.0	0.0	0.0	0.0	0.0	0.0	0.0	0.0	0.0	0.0	0.0	0.0	0.0	0.0	0.0	0.0	0.0	0.0	0.0	0.0	0.0	0.0	0.0	0.0	0.0	0.0	0.0	0.0	0.0	0.0	0.0	0.0	0.0	0.0	0.0	0.0	0.0	0.0	0.0	0.0	0.0	0.0	0.0	0.0	0.0	0.0	


* index: 7

* test sentence: 
餘 圓錐 曲線 非 退化 圓錐 曲線 皆 投影 變換 投影 成圓 帕 斯卡 定理 圓錐 曲線 成立
* label: 數學_帕斯卡定理

* prediction: 物理_帕斯卡定律

* tfidf matrix: 

                    	Tfidf_sum	圓錐	曲線	退化	投影	變換	成圓	斯卡	定理	成立	

main_帕               	0.0403	0.0	0.0	0.0	0.0	0.0	0.0	0.0403	0.0	0.0	

單位_帕斯卡               	0.0403	0.0	0.0	0.0	0.0	0.0	0.0	0.0403	0.0	0.0	

數學_帕斯卡三角形            	0.007	0.0	0.0	0.0	0.0	0.0	0.0	0.007	0.0	0.0	

數學_帕斯卡法則             	0.0033	0.0	0.0	0.0	0.0	0.0	0.0	0.0033	0.0	0.0	

數學_帕斯卡定理             	0.0528	0.0075	0.0075	0.0	0.0	0.0	0.0	0.018	0.0199	0.0	

物理_帕斯卡定律             	0.0663	0.0	0.0	0.0	0.0	0.0	0.0	0.0663	0.0	0.0	

人物_布萊茲·帕斯卡           	0.047	0.004	0.003	0.0	0.0	0.0	0.0	0.0389	0.001	0.0	

人物_帕斯卡二世             	0.0	0.0	0.0	0.0	0.0	0.0	0.0	0.0	0.0	0.0	

人物_帕斯卡·孔達波尼          	0.0	0.0	0.0	0.0	0.0	0.0	0.0	0.0	0.0	0.0	

人物_帕斯卡·西甘            	0.0	0.0	0.0	0.0	0.0	0.0	0.0	0.0	0.0	0.0	

人物_帕斯卡·祖貝布勒          	0.0	0.0	0.0	0.0	0.0	0.0	0.0	0.0	0.0	0.0	

人物_帕斯卡爾·拉米           	0.0	0.0	0.0	0.0	0.0	0.0	0.0	0.0	0.0	0.0	

人物_帕斯卡爾·庫什潘          	0.0	0.0	0.0	0.0	0.0	0.0	0.0	0.0	0.0	0.0	

人物_帕斯卡爾·約阿迪姆納吉       	0.0	0.0	0.0	0.0	0.0	0.0	0.0	0.0	0.0	0.0	

地名_帕斯卡古拉 (密西西比州)     	0.0	0.0	0.0	0.0	0.0	0.0	0.0	0.0	0.0	0.0	

計算機_帕斯卡命名法           	0.0	0.0	0.0	0.0	0.0	0.0	0.0	0.0	0.0	0.0	


* index: 8

* test sentence: 
參見 佈列 安桑 定理 帕 普斯 定理 笛沙格 定理
* label: 數學_帕斯卡定理

* prediction: 數學_帕斯卡定理

* tfidf matrix: 

                    	Tfidf_sum	參見	佈列	安桑	定理	普斯	笛沙格	

main_帕               	0.0	0.0	0.0	0.0	0.0	0.0	0.0	

單位_帕斯卡               	0.0	0.0	0.0	0.0	0.0	0.0	0.0	

數學_帕斯卡三角形            	0.0	0.0	0.0	0.0	0.0	0.0	0.0	

數學_帕斯卡法則             	0.0	0.0	0.0	0.0	0.0	0.0	0.0	

數學_帕斯卡定理             	0.0274	0.0	0.0019	0.0019	0.0199	0.0038	0.0	

物理_帕斯卡定律             	0.0	0.0	0.0	0.0	0.0	0.0	0.0	

人物_布萊茲·帕斯卡           	0.001	0.0	0.0	0.0	0.001	0.0	0.0	

人物_帕斯卡二世             	0.0	0.0	0.0	0.0	0.0	0.0	0.0	

人物_帕斯卡·孔達波尼          	0.0	0.0	0.0	0.0	0.0	0.0	0.0	

人物_帕斯卡·西甘            	0.0	0.0	0.0	0.0	0.0	0.0	0.0	

人物_帕斯卡·祖貝布勒          	0.0	0.0	0.0	0.0	0.0	0.0	0.0	

人物_帕斯卡爾·拉米           	0.0	0.0	0.0	0.0	0.0	0.0	0.0	

人物_帕斯卡爾·庫什潘          	0.0	0.0	0.0	0.0	0.0	0.0	0.0	

人物_帕斯卡爾·約阿迪姆納吉       	0.0	0.0	0.0	0.0	0.0	0.0	0.0	

地名_帕斯卡古拉 (密西西比州)     	0.0	0.0	0.0	0.0	0.0	0.0	0.0	

計算機_帕斯卡命名法           	0.0	0.0	0.0	0.0	0.0	0.0	0.0	


* index: 9

* test sentence: 
應 液壓 帕 斯卡 定律 實例 液壓 具 種 途 液壓 千 斤頂 液壓 重機 汽車 油壓 煞車 系統 擠 牙膏 針筒 針 水槍
* label: 物理_帕斯卡定律

* prediction: 物理_帕斯卡定律

* tfidf matrix: 

                    	Tfidf_sum	液壓	斯卡	定律	實例	斤頂	重機	汽車	油壓	煞車	系統	牙膏	針筒	水槍	

main_帕               	0.0403	0.0	0.0403	0.0	0.0	0.0	0.0	0.0	0.0	0.0	0.0	0.0	0.0	0.0	

單位_帕斯卡               	0.0403	0.0	0.0403	0.0	0.0	0.0	0.0	0.0	0.0	0.0	0.0	0.0	0.0	0.0	

數學_帕斯卡三角形            	0.007	0.0	0.007	0.0	0.0	0.0	0.0	0.0	0.0	0.0	0.0	0.0	0.0	0.0	

數學_帕斯卡法則             	0.0033	0.0	0.0033	0.0	0.0	0.0	0.0	0.0	0.0	0.0	0.0	0.0	0.0	0.0	

數學_帕斯卡定理             	0.018	0.0	0.018	0.0	0.0	0.0	0.0	0.0	0.0	0.0	0.0	0.0	0.0	0.0	

物理_帕斯卡定律             	0.0922	0.0052	0.0663	0.0156	0.0	0.0	0.0	0.0	0.0	0.0	0.0052	0.0	0.0	0.0	

人物_布萊茲·帕斯卡           	0.0389	0.0	0.0389	0.0	0.0	0.0	0.0	0.0	0.0	0.0	0.0	0.0	0.0	0.0	

人物_帕斯卡二世             	0.0	0.0	0.0	0.0	0.0	0.0	0.0	0.0	0.0	0.0	0.0	0.0	0.0	0.0	

人物_帕斯卡·孔達波尼          	0.0	0.0	0.0	0.0	0.0	0.0	0.0	0.0	0.0	0.0	0.0	0.0	0.0	0.0	

人物_帕斯卡·西甘            	0.0	0.0	0.0	0.0	0.0	0.0	0.0	0.0	0.0	0.0	0.0	0.0	0.0	0.0	

人物_帕斯卡·祖貝布勒          	0.0	0.0	0.0	0.0	0.0	0.0	0.0	0.0	0.0	0.0	0.0	0.0	0.0	0.0	

人物_帕斯卡爾·拉米           	0.0	0.0	0.0	0.0	0.0	0.0	0.0	0.0	0.0	0.0	0.0	0.0	0.0	0.0	

人物_帕斯卡爾·庫什潘          	0.0	0.0	0.0	0.0	0.0	0.0	0.0	0.0	0.0	0.0	0.0	0.0	0.0	0.0	

人物_帕斯卡爾·約阿迪姆納吉       	0.0	0.0	0.0	0.0	0.0	0.0	0.0	0.0	0.0	0.0	0.0	0.0	0.0	0.0	

地名_帕斯卡古拉 (密西西比州)     	0.0	0.0	0.0	0.0	0.0	0.0	0.0	0.0	0.0	0.0	0.0	0.0	0.0	0.0	

計算機_帕斯卡命名法           	0.0	0.0	0.0	0.0	0.0	0.0	0.0	0.0	0.0	0.0	0.0	0.0	0.0	0.0	


* index: 10

* test sentence: 
年 為 減輕 父親 止 重複 計算 稅務 收支 負擔 未滿 歲 帕 斯卡 努力 製造出 臺 運行 加減 計算器 稱為 帕 斯卡 計算器
* label: 人物_布萊茲·帕斯卡

* prediction: 物理_帕斯卡定律

* tfidf matrix: 

                    	Tfidf_sum	減輕	父親	重複	計算	稅務	收支	負擔	未滿	斯卡	努力	製造出	運行	加減	計算器	稱為	

main_帕               	0.0403	0.0	0.0	0.0	0.0	0.0	0.0	0.0	0.0	0.0403	0.0	0.0	0.0	0.0	0.0	0.0	

單位_帕斯卡               	0.0403	0.0	0.0	0.0	0.0	0.0	0.0	0.0	0.0	0.0403	0.0	0.0	0.0	0.0	0.0	0.0	

數學_帕斯卡三角形            	0.007	0.0	0.0	0.0	0.0	0.0	0.0	0.0	0.0	0.007	0.0	0.0	0.0	0.0	0.0	0.0	

數學_帕斯卡法則             	0.0033	0.0	0.0	0.0	0.0	0.0	0.0	0.0	0.0	0.0033	0.0	0.0	0.0	0.0	0.0	0.0	

數學_帕斯卡定理             	0.018	0.0	0.0	0.0	0.0	0.0	0.0	0.0	0.0	0.018	0.0	0.0	0.0	0.0	0.0	0.0	

物理_帕斯卡定律             	0.0663	0.0	0.0	0.0	0.0	0.0	0.0	0.0	0.0	0.0663	0.0	0.0	0.0	0.0	0.0	0.0	

人物_布萊茲·帕斯卡           	0.0417	0.0	0.0012	0.0	0.0	0.0008	0.0	0.0	0.0	0.0389	0.0	0.0	0.0	0.0	0.0008	0.0	

人物_帕斯卡二世             	0.0027	0.0	0.0027	0.0	0.0	0.0	0.0	0.0	0.0	0.0	0.0	0.0	0.0	0.0	0.0	0.0	

人物_帕斯卡·孔達波尼          	0.0027	0.0	0.0027	0.0	0.0	0.0	0.0	0.0	0.0	0.0	0.0	0.0	0.0	0.0	0.0	0.0	

人物_帕斯卡·西甘            	0.0	0.0	0.0	0.0	0.0	0.0	0.0	0.0	0.0	0.0	0.0	0.0	0.0	0.0	0.0	0.0	

人物_帕斯卡·祖貝布勒          	0.0	0.0	0.0	0.0	0.0	0.0	0.0	0.0	0.0	0.0	0.0	0.0	0.0	0.0	0.0	0.0	

人物_帕斯卡爾·拉米           	0.0	0.0	0.0	0.0	0.0	0.0	0.0	0.0	0.0	0.0	0.0	0.0	0.0	0.0	0.0	0.0	

人物_帕斯卡爾·庫什潘          	0.0	0.0	0.0	0.0	0.0	0.0	0.0	0.0	0.0	0.0	0.0	0.0	0.0	0.0	0.0	0.0	

人物_帕斯卡爾·約阿迪姆納吉       	0.0	0.0	0.0	0.0	0.0	0.0	0.0	0.0	0.0	0.0	0.0	0.0	0.0	0.0	0.0	0.0	

地名_帕斯卡古拉 (密西西比州)     	0.0	0.0	0.0	0.0	0.0	0.0	0.0	0.0	0.0	0.0	0.0	0.0	0.0	0.0	0.0	0.0	

計算機_帕斯卡命名法           	0.0	0.0	0.0	0.0	0.0	0.0	0.0	0.0	0.0	0.0	0.0	0.0	0.0	0.0	0.0	0.0	


* index: 11

* test sentence: 
然 帕 斯卡 十 年 然 斷 精進 設計 總共 做 臺 樣 機器
* label: 人物_布萊茲·帕斯卡

* prediction: 物理_帕斯卡定律

* tfidf matrix: 

                    	Tfidf_sum	斯卡	精進	設計	總共	機器	

main_帕               	0.0403	0.0403	0.0	0.0	0.0	0.0	

單位_帕斯卡               	0.0403	0.0403	0.0	0.0	0.0	0.0	

數學_帕斯卡三角形            	0.007	0.007	0.0	0.0	0.0	0.0	

數學_帕斯卡法則             	0.0033	0.0033	0.0	0.0	0.0	0.0	

數學_帕斯卡定理             	0.018	0.018	0.0	0.0	0.0	0.0	

物理_帕斯卡定律             	0.0663	0.0663	0.0	0.0	0.0	0.0	

人物_布萊茲·帕斯卡           	0.0389	0.0389	0.0	0.0	0.0	0.0	

人物_帕斯卡二世             	0.0	0.0	0.0	0.0	0.0	0.0	

人物_帕斯卡·孔達波尼          	0.0	0.0	0.0	0.0	0.0	0.0	

人物_帕斯卡·西甘            	0.0	0.0	0.0	0.0	0.0	0.0	

人物_帕斯卡·祖貝布勒          	0.0	0.0	0.0	0.0	0.0	0.0	

人物_帕斯卡爾·拉米           	0.0	0.0	0.0	0.0	0.0	0.0	

人物_帕斯卡爾·庫什潘          	0.0	0.0	0.0	0.0	0.0	0.0	

人物_帕斯卡爾·約阿迪姆納吉       	0.0	0.0	0.0	0.0	0.0	0.0	

地名_帕斯卡古拉 (密西西比州)     	0.0	0.0	0.0	0.0	0.0	0.0	

計算機_帕斯卡命名法           	0.0	0.0	0.0	0.0	0.0	0.0	


* index: 12

* test sentence: 
數學 貢獻 帕 斯卡 生 影響 數學 研究
* label: 人物_布萊茲·帕斯卡

* prediction: 物理_帕斯卡定律

* tfidf matrix: 

                    	Tfidf_sum	數學	貢獻	斯卡	影響	研究	

main_帕               	0.0403	0.0	0.0	0.0403	0.0	0.0	

單位_帕斯卡               	0.0403	0.0	0.0	0.0403	0.0	0.0	

數學_帕斯卡三角形            	0.007	0.0	0.0	0.007	0.0	0.0	

數學_帕斯卡法則             	0.006	0.0027	0.0	0.0033	0.0	0.0	

數學_帕斯卡定理             	0.018	0.0	0.0	0.018	0.0	0.0	

物理_帕斯卡定律             	0.0663	0.0	0.0	0.0663	0.0	0.0	

人物_布萊茲·帕斯卡           	0.0496	0.0061	0.0008	0.0389	0.0015	0.0023	

人物_帕斯卡二世             	0.0	0.0	0.0	0.0	0.0	0.0	

人物_帕斯卡·孔達波尼          	0.0	0.0	0.0	0.0	0.0	0.0	

人物_帕斯卡·西甘            	0.0	0.0	0.0	0.0	0.0	0.0	

人物_帕斯卡·祖貝布勒          	0.0	0.0	0.0	0.0	0.0	0.0	

人物_帕斯卡爾·拉米           	0.0	0.0	0.0	0.0	0.0	0.0	

人物_帕斯卡爾·庫什潘          	0.0	0.0	0.0	0.0	0.0	0.0	

人物_帕斯卡爾·約阿迪姆納吉       	0.0	0.0	0.0	0.0	0.0	0.0	

地名_帕斯卡古拉 (密西西比州)     	0.0	0.0	0.0	0.0	0.0	0.0	

計算機_帕斯卡命名法           	0.0	0.0	0.0	0.0	0.0	0.0	


* index: 13

* test sentence: 
年 算術 三角 中 描述 二項式 係數 表格 表示 表 中 數 肩 兩 數 現 稱作 帕 斯卡 三角
* label: 人物_布萊茲·帕斯卡

* prediction: 物理_帕斯卡定律

* tfidf matrix: 

                    	Tfidf_sum	算術	三角	描述	二項式	係數	表格	表示	稱作	斯卡	

main_帕               	0.0485	0.0	0.0	0.0	0.0	0.0	0.0	0.0082	0.0	0.0403	

單位_帕斯卡               	0.0485	0.0	0.0	0.0	0.0	0.0	0.0	0.0082	0.0	0.0403	

數學_帕斯卡三角形            	0.0231	0.0022	0.0022	0.0015	0.0058	0.0044	0.0	0.0	0.0	0.007	

數學_帕斯卡法則             	0.008	0.0	0.0	0.0	0.0014	0.0014	0.0	0.002	0.0	0.0033	

數學_帕斯卡定理             	0.018	0.0	0.0	0.0	0.0	0.0	0.0	0.0	0.0	0.018	

物理_帕斯卡定律             	0.0663	0.0	0.0	0.0	0.0	0.0	0.0	0.0	0.0	0.0663	

人物_布萊茲·帕斯卡           	0.0415	0.0	0.0	0.001	0.0	0.0	0.0	0.0	0.0015	0.0389	

人物_帕斯卡二世             	0.0	0.0	0.0	0.0	0.0	0.0	0.0	0.0	0.0	0.0	

人物_帕斯卡·孔達波尼          	0.0	0.0	0.0	0.0	0.0	0.0	0.0	0.0	0.0	0.0	

人物_帕斯卡·西甘            	0.0	0.0	0.0	0.0	0.0	0.0	0.0	0.0	0.0	0.0	

人物_帕斯卡·祖貝布勒          	0.0	0.0	0.0	0.0	0.0	0.0	0.0	0.0	0.0	0.0	

人物_帕斯卡爾·拉米           	0.0	0.0	0.0	0.0	0.0	0.0	0.0	0.0	0.0	0.0	

人物_帕斯卡爾·庫什潘          	0.0	0.0	0.0	0.0	0.0	0.0	0.0	0.0	0.0	0.0	

人物_帕斯卡爾·約阿迪姆納吉       	0.0	0.0	0.0	0.0	0.0	0.0	0.0	0.0	0.0	0.0	

地名_帕斯卡古拉 (密西西比州)     	0.0	0.0	0.0	0.0	0.0	0.0	0.0	0.0	0.0	0.0	

計算機_帕斯卡命名法           	0.0061	0.0	0.0	0.0	0.0	0.0	0.0	0.0061	0.0	0.0	


* index: 14

* test sentence: 
費馬 帕 斯卡 完成 分析 概率 工作 萊布尼茨 提出 窮 微 積分 奠定 基礎
* label: 人物_布萊茲·帕斯卡

* prediction: 物理_帕斯卡定律

* tfidf matrix: 

                    	Tfidf_sum	費馬	斯卡	完成	分析	概率	工作	萊布尼茨	提出	積分	奠定	基礎	

main_帕               	0.0403	0.0	0.0403	0.0	0.0	0.0	0.0	0.0	0.0	0.0	0.0	0.0	

單位_帕斯卡               	0.0403	0.0	0.0403	0.0	0.0	0.0	0.0	0.0	0.0	0.0	0.0	0.0	

數學_帕斯卡三角形            	0.007	0.0	0.007	0.0	0.0	0.0	0.0	0.0	0.0	0.0	0.0	0.0	

數學_帕斯卡法則             	0.0033	0.0	0.0033	0.0	0.0	0.0	0.0	0.0	0.0	0.0	0.0	0.0	

數學_帕斯卡定理             	0.0199	0.0	0.018	0.0	0.0	0.0	0.0	0.0	0.0019	0.0	0.0	0.0	

物理_帕斯卡定律             	0.0663	0.0	0.0663	0.0	0.0	0.0	0.0	0.0	0.0	0.0	0.0	0.0	

人物_布萊茲·帕斯卡           	0.0412	0.0008	0.0389	0.0	0.0	0.0008	0.0008	0.0	0.0	0.0	0.0	0.0	

人物_帕斯卡二世             	0.0	0.0	0.0	0.0	0.0	0.0	0.0	0.0	0.0	0.0	0.0	0.0	

人物_帕斯卡·孔達波尼          	0.0	0.0	0.0	0.0	0.0	0.0	0.0	0.0	0.0	0.0	0.0	0.0	

人物_帕斯卡·西甘            	0.0	0.0	0.0	0.0	0.0	0.0	0.0	0.0	0.0	0.0	0.0	0.0	

人物_帕斯卡·祖貝布勒          	0.0	0.0	0.0	0.0	0.0	0.0	0.0	0.0	0.0	0.0	0.0	0.0	

人物_帕斯卡爾·拉米           	0.0	0.0	0.0	0.0	0.0	0.0	0.0	0.0	0.0	0.0	0.0	0.0	

人物_帕斯卡爾·庫什潘          	0.0	0.0	0.0	0.0	0.0	0.0	0.0	0.0	0.0	0.0	0.0	0.0	

人物_帕斯卡爾·約阿迪姆納吉       	0.0	0.0	0.0	0.0	0.0	0.0	0.0	0.0	0.0	0.0	0.0	0.0	

地名_帕斯卡古拉 (密西西比州)     	0.0	0.0	0.0	0.0	0.0	0.0	0.0	0.0	0.0	0.0	0.0	0.0	

計算機_帕斯卡命名法           	0.0	0.0	0.0	0.0	0.0	0.0	0.0	0.0	0.0	0.0	0.0	0.0	


* index: 15

* test sentence: 
年 受 宗教 歷 影響 帕 斯卡 放棄 數學 工作
* label: 人物_布萊茲·帕斯卡

* prediction: 物理_帕斯卡定律

* tfidf matrix: 

                    	Tfidf_sum	宗教	影響	斯卡	放棄	數學	工作	

main_帕               	0.0403	0.0	0.0	0.0403	0.0	0.0	0.0	

單位_帕斯卡               	0.0403	0.0	0.0	0.0403	0.0	0.0	0.0	

數學_帕斯卡三角形            	0.007	0.0	0.0	0.007	0.0	0.0	0.0	

數學_帕斯卡法則             	0.006	0.0	0.0	0.0033	0.0	0.0027	0.0	

數學_帕斯卡定理             	0.018	0.0	0.0	0.018	0.0	0.0	0.0	

物理_帕斯卡定律             	0.0765	0.0102	0.0	0.0663	0.0	0.0	0.0	

人物_布萊茲·帕斯卡           	0.0488	0.0015	0.0015	0.0389	0.0	0.0061	0.0008	

人物_帕斯卡二世             	0.0099	0.0033	0.0	0.0	0.0066	0.0	0.0	

人物_帕斯卡·孔達波尼          	0.0099	0.0033	0.0	0.0	0.0066	0.0	0.0	

人物_帕斯卡·西甘            	0.0	0.0	0.0	0.0	0.0	0.0	0.0	

人物_帕斯卡·祖貝布勒          	0.0	0.0	0.0	0.0	0.0	0.0	0.0	

人物_帕斯卡爾·拉米           	0.0	0.0	0.0	0.0	0.0	0.0	0.0	

人物_帕斯卡爾·庫什潘          	0.0	0.0	0.0	0.0	0.0	0.0	0.0	

人物_帕斯卡爾·約阿迪姆納吉       	0.0	0.0	0.0	0.0	0.0	0.0	0.0	

地名_帕斯卡古拉 (密西西比州)     	0.0	0.0	0.0	0.0	0.0	0.0	0.0	

計算機_帕斯卡命名法           	0.0	0.0	0.0	0.0	0.0	0.0	0.0	


* index: 16

* test sentence: 
世 年 帕 斯卡 病情 加重 情緒 狀況 前 年 姐姐 死 惡化 許
* label: 人物_布萊茲·帕斯卡

* prediction: 物理_帕斯卡定律

* tfidf matrix: 

                    	Tfidf_sum	斯卡	病情	加重	情緒	狀況	姐姐	惡化	

main_帕               	0.0403	0.0403	0.0	0.0	0.0	0.0	0.0	0.0	

單位_帕斯卡               	0.0403	0.0403	0.0	0.0	0.0	0.0	0.0	0.0	

數學_帕斯卡三角形            	0.007	0.007	0.0	0.0	0.0	0.0	0.0	0.0	

數學_帕斯卡法則             	0.0033	0.0033	0.0	0.0	0.0	0.0	0.0	0.0	

數學_帕斯卡定理             	0.018	0.018	0.0	0.0	0.0	0.0	0.0	0.0	

物理_帕斯卡定律             	0.0663	0.0663	0.0	0.0	0.0	0.0	0.0	0.0	

人物_布萊茲·帕斯卡           	0.0389	0.0389	0.0	0.0	0.0	0.0	0.0	0.0	

人物_帕斯卡二世             	0.0	0.0	0.0	0.0	0.0	0.0	0.0	0.0	

人物_帕斯卡·孔達波尼          	0.0	0.0	0.0	0.0	0.0	0.0	0.0	0.0	

人物_帕斯卡·西甘            	0.0	0.0	0.0	0.0	0.0	0.0	0.0	0.0	

人物_帕斯卡·祖貝布勒          	0.0	0.0	0.0	0.0	0.0	0.0	0.0	0.0	

人物_帕斯卡爾·拉米           	0.0	0.0	0.0	0.0	0.0	0.0	0.0	0.0	

人物_帕斯卡爾·庫什潘          	0.0	0.0	0.0	0.0	0.0	0.0	0.0	0.0	

人物_帕斯卡爾·約阿迪姆納吉       	0.0	0.0	0.0	0.0	0.0	0.0	0.0	0.0	

地名_帕斯卡古拉 (密西西比州)     	0.0	0.0	0.0	0.0	0.0	0.0	0.0	0.0	

計算機_帕斯卡命名法           	0.0	0.0	0.0	0.0	0.0	0.0	0.0	0.0	


* index: 17

* test sentence: 
帕 斯卡 注意 逝 便 尋求 醫院 解決 治 症 醫生 拒絕 原 狀況 實 太 穩定 難 顧
* label: 人物_布萊茲·帕斯卡

* prediction: 物理_帕斯卡定律

* tfidf matrix: 

                    	Tfidf_sum	斯卡	注意	尋求	醫院	解決	醫生	拒絕	狀況	穩定	

main_帕               	0.0403	0.0403	0.0	0.0	0.0	0.0	0.0	0.0	0.0	0.0	

單位_帕斯卡               	0.0403	0.0403	0.0	0.0	0.0	0.0	0.0	0.0	0.0	0.0	

數學_帕斯卡三角形            	0.007	0.007	0.0	0.0	0.0	0.0	0.0	0.0	0.0	0.0	

數學_帕斯卡法則             	0.0033	0.0033	0.0	0.0	0.0	0.0	0.0	0.0	0.0	0.0	

數學_帕斯卡定理             	0.018	0.018	0.0	0.0	0.0	0.0	0.0	0.0	0.0	0.0	

物理_帕斯卡定律             	0.0663	0.0663	0.0	0.0	0.0	0.0	0.0	0.0	0.0	0.0	

人物_布萊茲·帕斯卡           	0.0397	0.0389	0.0	0.0	0.0	0.0	0.0	0.0008	0.0	0.0	

人物_帕斯卡二世             	0.0044	0.0	0.0	0.0022	0.0	0.0022	0.0	0.0	0.0	0.0	

人物_帕斯卡·孔達波尼          	0.0044	0.0	0.0	0.0022	0.0	0.0022	0.0	0.0	0.0	0.0	

人物_帕斯卡·西甘            	0.0	0.0	0.0	0.0	0.0	0.0	0.0	0.0	0.0	0.0	

人物_帕斯卡·祖貝布勒          	0.0	0.0	0.0	0.0	0.0	0.0	0.0	0.0	0.0	0.0	

人物_帕斯卡爾·拉米           	0.0	0.0	0.0	0.0	0.0	0.0	0.0	0.0	0.0	0.0	

人物_帕斯卡爾·庫什潘          	0.0	0.0	0.0	0.0	0.0	0.0	0.0	0.0	0.0	0.0	

人物_帕斯卡爾·約阿迪姆納吉       	0.0	0.0	0.0	0.0	0.0	0.0	0.0	0.0	0.0	0.0	

地名_帕斯卡古拉 (密西西比州)     	0.0	0.0	0.0	0.0	0.0	0.0	0.0	0.0	0.0	0.0	

計算機_帕斯卡命名法           	0.0	0.0	0.0	0.0	0.0	0.0	0.0	0.0	0.0	0.0	


* index: 18

* test sentence: 
年 黎 帕 斯卡 開始 抽搐 進入 終
* label: 人物_布萊茲·帕斯卡

* prediction: 物理_帕斯卡定律

* tfidf matrix: 

                    	Tfidf_sum	斯卡	開始	抽搐	進入	

main_帕               	0.0403	0.0403	0.0	0.0	0.0	

單位_帕斯卡               	0.0403	0.0403	0.0	0.0	0.0	

數學_帕斯卡三角形            	0.0096	0.007	0.0025	0.0	0.0	

數學_帕斯卡法則             	0.0033	0.0033	0.0	0.0	0.0	

數學_帕斯卡定理             	0.018	0.018	0.0	0.0	0.0	

物理_帕斯卡定律             	0.0663	0.0663	0.0	0.0	0.0	

人物_布萊茲·帕斯卡           	0.0407	0.0389	0.0018	0.0	0.0	

人物_帕斯卡二世             	0.0	0.0	0.0	0.0	0.0	

人物_帕斯卡·孔達波尼          	0.0	0.0	0.0	0.0	0.0	

人物_帕斯卡·西甘            	0.0	0.0	0.0	0.0	0.0	

人物_帕斯卡·祖貝布勒          	0.0	0.0	0.0	0.0	0.0	

人物_帕斯卡爾·拉米           	0.0	0.0	0.0	0.0	0.0	

人物_帕斯卡爾·庫什潘          	0.0371	0.0	0.0371	0.0	0.0	

人物_帕斯卡爾·約阿迪姆納吉       	0.0371	0.0	0.0371	0.0	0.0	

地名_帕斯卡古拉 (密西西比州)     	0.0	0.0	0.0	0.0	0.0	

計算機_帕斯卡命名法           	0.0072	0.0	0.0072	0.0	0.0	


* index: 19

* test sentence: 
年 清晨 帕 斯卡 世 埋 聖艾蒂安 教堂 墳墓 裡
* label: 人物_布萊茲·帕斯卡

* prediction: 物理_帕斯卡定律

* tfidf matrix: 

                    	Tfidf_sum	清晨	斯卡	聖艾蒂安	教堂	墳墓	

main_帕               	0.0403	0.0	0.0403	0.0	0.0	0.0	

單位_帕斯卡               	0.0403	0.0	0.0403	0.0	0.0	0.0	

數學_帕斯卡三角形            	0.007	0.0	0.007	0.0	0.0	0.0	

數學_帕斯卡法則             	0.0033	0.0	0.0033	0.0	0.0	0.0	

數學_帕斯卡定理             	0.018	0.0	0.018	0.0	0.0	0.0	

物理_帕斯卡定律             	0.0663	0.0	0.0663	0.0	0.0	0.0	

人物_布萊茲·帕斯卡           	0.0389	0.0	0.0389	0.0	0.0	0.0	

人物_帕斯卡二世             	0.0	0.0	0.0	0.0	0.0	0.0	

人物_帕斯卡·孔達波尼          	0.0	0.0	0.0	0.0	0.0	0.0	

人物_帕斯卡·西甘            	0.0	0.0	0.0	0.0	0.0	0.0	

人物_帕斯卡·祖貝布勒          	0.0	0.0	0.0	0.0	0.0	0.0	

人物_帕斯卡爾·拉米           	0.0	0.0	0.0	0.0	0.0	0.0	

人物_帕斯卡爾·庫什潘          	0.0	0.0	0.0	0.0	0.0	0.0	

人物_帕斯卡爾·約阿迪姆納吉       	0.0	0.0	0.0	0.0	0.0	0.0	

地名_帕斯卡古拉 (密西西比州)     	0.0	0.0	0.0	0.0	0.0	0.0	

計算機_帕斯卡命名法           	0.0	0.0	0.0	0.0	0.0	0.0	


* index: 20

* test sentence: 
份 屍檢 報告 指出 帕 斯卡 胃 腹部 器官 著 嚴重 問題 腦部 受損
* label: 人物_布萊茲·帕斯卡

* prediction: 物理_帕斯卡定律

* tfidf matrix: 

                    	Tfidf_sum	屍檢	報告	指出	斯卡	腹部	器官	嚴重	問題	腦部	受損	

main_帕               	0.0403	0.0	0.0	0.0	0.0403	0.0	0.0	0.0	0.0	0.0	0.0	

單位_帕斯卡               	0.0403	0.0	0.0	0.0	0.0403	0.0	0.0	0.0	0.0	0.0	0.0	

數學_帕斯卡三角形            	0.007	0.0	0.0	0.0	0.007	0.0	0.0	0.0	0.0	0.0	0.0	

數學_帕斯卡法則             	0.0033	0.0	0.0	0.0	0.0033	0.0	0.0	0.0	0.0	0.0	0.0	

數學_帕斯卡定理             	0.018	0.0	0.0	0.0	0.018	0.0	0.0	0.0	0.0	0.0	0.0	

物理_帕斯卡定律             	0.0663	0.0	0.0	0.0	0.0663	0.0	0.0	0.0	0.0	0.0	0.0	

人物_布萊茲·帕斯卡           	0.0389	0.0	0.0	0.0	0.0389	0.0	0.0	0.0	0.0	0.0	0.0	

人物_帕斯卡二世             	0.0	0.0	0.0	0.0	0.0	0.0	0.0	0.0	0.0	0.0	0.0	

人物_帕斯卡·孔達波尼          	0.0	0.0	0.0	0.0	0.0	0.0	0.0	0.0	0.0	0.0	0.0	

人物_帕斯卡·西甘            	0.0	0.0	0.0	0.0	0.0	0.0	0.0	0.0	0.0	0.0	0.0	

人物_帕斯卡·祖貝布勒          	0.0	0.0	0.0	0.0	0.0	0.0	0.0	0.0	0.0	0.0	0.0	

人物_帕斯卡爾·拉米           	0.0	0.0	0.0	0.0	0.0	0.0	0.0	0.0	0.0	0.0	0.0	

人物_帕斯卡爾·庫什潘          	0.0	0.0	0.0	0.0	0.0	0.0	0.0	0.0	0.0	0.0	0.0	

人物_帕斯卡爾·約阿迪姆納吉       	0.0	0.0	0.0	0.0	0.0	0.0	0.0	0.0	0.0	0.0	0.0	

地名_帕斯卡古拉 (密西西比州)     	0.0	0.0	0.0	0.0	0.0	0.0	0.0	0.0	0.0	0.0	0.0	

計算機_帕斯卡命名法           	0.0	0.0	0.0	0.0	0.0	0.0	0.0	0.0	0.0	0.0	0.0	


* index: 21

* test sentence: 
時常 折磨 著 帕 斯卡 頭痛 般 腦 病變
* label: 人物_布萊茲·帕斯卡

* prediction: 物理_帕斯卡定律

* tfidf matrix: 

                    	Tfidf_sum	時常	折磨	斯卡	頭痛	病變	

main_帕               	0.0403	0.0	0.0	0.0403	0.0	0.0	

單位_帕斯卡               	0.0403	0.0	0.0	0.0403	0.0	0.0	

數學_帕斯卡三角形            	0.007	0.0	0.0	0.007	0.0	0.0	

數學_帕斯卡法則             	0.0033	0.0	0.0	0.0033	0.0	0.0	

數學_帕斯卡定理             	0.018	0.0	0.0	0.018	0.0	0.0	

物理_帕斯卡定律             	0.0663	0.0	0.0	0.0663	0.0	0.0	

人物_布萊茲·帕斯卡           	0.0389	0.0	0.0	0.0389	0.0	0.0	

人物_帕斯卡二世             	0.0	0.0	0.0	0.0	0.0	0.0	

人物_帕斯卡·孔達波尼          	0.0	0.0	0.0	0.0	0.0	0.0	

人物_帕斯卡·西甘            	0.0	0.0	0.0	0.0	0.0	0.0	

人物_帕斯卡·祖貝布勒          	0.0	0.0	0.0	0.0	0.0	0.0	

人物_帕斯卡爾·拉米           	0.0	0.0	0.0	0.0	0.0	0.0	

人物_帕斯卡爾·庫什潘          	0.0	0.0	0.0	0.0	0.0	0.0	

人物_帕斯卡爾·約阿迪姆納吉       	0.0	0.0	0.0	0.0	0.0	0.0	

地名_帕斯卡古拉 (密西西比州)     	0.0	0.0	0.0	0.0	0.0	0.0	

計算機_帕斯卡命名法           	0.0	0.0	0.0	0.0	0.0	0.0	


* index: 22

* test sentence: 
作品 圓錐 曲線 專 關 真空 新 實驗 算數 三角形 外省書 - 精神 寫 簽名 形式 思想錄 未 完成 死亡 類 幸福 紀念 國際 單位制 中 壓強 單位 帕 斯卡 Pa 名字 命名
* label: 人物_布萊茲·帕斯卡

* prediction: main_帕

* tfidf matrix: 

                    	Tfidf_sum	作品	圓錐	曲線	真空	實驗	算數	三角形	外省書	精神	簽名	形式	思想錄	完成	死亡	幸福	紀念	國際	單位制	壓強	單位	斯卡	Pa	名字	命名	

main_帕               	0.0998	0.0	0.0	0.0	0.0	0.0	0.0	0.0	0.0	0.0	0.0	0.0	0.0	0.0	0.0	0.0	0.0	0.0056	0.0056	0.0082	0.0167	0.0403	0.0167	0.0	0.0069	

單位_帕斯卡               	0.0998	0.0	0.0	0.0	0.0	0.0	0.0	0.0	0.0	0.0	0.0	0.0	0.0	0.0	0.0	0.0	0.0	0.0056	0.0056	0.0082	0.0167	0.0403	0.0167	0.0	0.0069	

數學_帕斯卡三角形            	0.0263	0.0	0.0	0.0	0.0	0.0	0.0	0.016	0.0	0.0	0.0	0.0022	0.0	0.0	0.0	0.0	0.0011	0.0	0.0	0.0	0.0	0.007	0.0	0.0	0.0	

數學_帕斯卡法則             	0.0033	0.0	0.0	0.0	0.0	0.0	0.0	0.0	0.0	0.0	0.0	0.0	0.0	0.0	0.0	0.0	0.0	0.0	0.0	0.0	0.0	0.0033	0.0	0.0	0.0	

數學_帕斯卡定理             	0.0329	0.0	0.0075	0.0075	0.0	0.0	0.0	0.0	0.0	0.0	0.0	0.0	0.0	0.0	0.0	0.0	0.0	0.0	0.0	0.0	0.0	0.018	0.0	0.0	0.0	

物理_帕斯卡定律             	0.0866	0.0	0.0	0.0	0.0	0.0	0.0	0.0	0.0	0.0	0.0	0.0	0.0	0.0	0.0	0.0	0.0	0.0	0.0	0.0203	0.0	0.0663	0.0	0.0	0.0	

人物_布萊茲·帕斯卡           	0.0546	0.003	0.004	0.003	0.0008	0.0	0.0	0.001	0.0008	0.0	0.0	0.0	0.0008	0.0	0.0008	0.0	0.0	0.0	0.0	0.0015	0.0	0.0389	0.0	0.0	0.0	

人物_帕斯卡二世             	0.0	0.0	0.0	0.0	0.0	0.0	0.0	0.0	0.0	0.0	0.0	0.0	0.0	0.0	0.0	0.0	0.0	0.0	0.0	0.0	0.0	0.0	0.0	0.0	0.0	

人物_帕斯卡·孔達波尼          	0.0	0.0	0.0	0.0	0.0	0.0	0.0	0.0	0.0	0.0	0.0	0.0	0.0	0.0	0.0	0.0	0.0	0.0	0.0	0.0	0.0	0.0	0.0	0.0	0.0	

人物_帕斯卡·西甘            	0.0	0.0	0.0	0.0	0.0	0.0	0.0	0.0	0.0	0.0	0.0	0.0	0.0	0.0	0.0	0.0	0.0	0.0	0.0	0.0	0.0	0.0	0.0	0.0	0.0	

人物_帕斯卡·祖貝布勒          	0.0	0.0	0.0	0.0	0.0	0.0	0.0	0.0	0.0	0.0	0.0	0.0	0.0	0.0	0.0	0.0	0.0	0.0	0.0	0.0	0.0	0.0	0.0	0.0	0.0	

人物_帕斯卡爾·拉米           	0.0	0.0	0.0	0.0	0.0	0.0	0.0	0.0	0.0	0.0	0.0	0.0	0.0	0.0	0.0	0.0	0.0	0.0	0.0	0.0	0.0	0.0	0.0	0.0	0.0	

人物_帕斯卡爾·庫什潘          	0.0	0.0	0.0	0.0	0.0	0.0	0.0	0.0	0.0	0.0	0.0	0.0	0.0	0.0	0.0	0.0	0.0	0.0	0.0	0.0	0.0	0.0	0.0	0.0	0.0	

人物_帕斯卡爾·約阿迪姆納吉       	0.0	0.0	0.0	0.0	0.0	0.0	0.0	0.0	0.0	0.0	0.0	0.0	0.0	0.0	0.0	0.0	0.0	0.0	0.0	0.0	0.0	0.0	0.0	0.0	0.0	

地名_帕斯卡古拉 (密西西比州)     	0.0	0.0	0.0	0.0	0.0	0.0	0.0	0.0	0.0	0.0	0.0	0.0	0.0	0.0	0.0	0.0	0.0	0.0	0.0	0.0	0.0	0.0	0.0	0.0	0.0	

計算機_帕斯卡命名法           	0.0152	0.0	0.0	0.0	0.0	0.0	0.0	0.0	0.0	0.0	0.0	0.0	0.0	0.0	0.0	0.0	0.0	0.0	0.0	0.0	0.0	0.0	0.0	0.0	0.0152	


* index: 23

* test sentence: 
種 結構化 計算機 編程 語言 帕 斯卡 語言 紀念 命名
* label: 人物_布萊茲·帕斯卡

* prediction: 物理_帕斯卡定律

* tfidf matrix: 

                    	Tfidf_sum	結構化	計算機	編程	語言	斯卡	紀念	命名	

main_帕               	0.0471	0.0	0.0	0.0	0.0	0.0403	0.0	0.0069	

單位_帕斯卡               	0.0471	0.0	0.0	0.0	0.0	0.0403	0.0	0.0069	

數學_帕斯卡三角形            	0.0081	0.0	0.0	0.0	0.0	0.007	0.0011	0.0	

數學_帕斯卡法則             	0.0033	0.0	0.0	0.0	0.0	0.0033	0.0	0.0	

數學_帕斯卡定理             	0.018	0.0	0.0	0.0	0.0	0.018	0.0	0.0	

物理_帕斯卡定律             	0.0663	0.0	0.0	0.0	0.0	0.0663	0.0	0.0	

人物_布萊茲·帕斯卡           	0.0389	0.0	0.0	0.0	0.0	0.0389	0.0	0.0	

人物_帕斯卡二世             	0.0	0.0	0.0	0.0	0.0	0.0	0.0	0.0	

人物_帕斯卡·孔達波尼          	0.0	0.0	0.0	0.0	0.0	0.0	0.0	0.0	

人物_帕斯卡·西甘            	0.0	0.0	0.0	0.0	0.0	0.0	0.0	0.0	

人物_帕斯卡·祖貝布勒          	0.0	0.0	0.0	0.0	0.0	0.0	0.0	0.0	

人物_帕斯卡爾·拉米           	0.0	0.0	0.0	0.0	0.0	0.0	0.0	0.0	

人物_帕斯卡爾·庫什潘          	0.0	0.0	0.0	0.0	0.0	0.0	0.0	0.0	

人物_帕斯卡爾·約阿迪姆納吉       	0.0	0.0	0.0	0.0	0.0	0.0	0.0	0.0	

地名_帕斯卡古拉 (密西西比州)     	0.0	0.0	0.0	0.0	0.0	0.0	0.0	0.0	

計算機_帕斯卡命名法           	0.0183	0.0	0.0	0.0	0.0031	0.0	0.0	0.0152	


* index: 24

* test sentence: 
法國 年度 傑出 獎 頒 布萊茲 帕 斯卡查斯 全 國 傑出 科學家 獎 進行 法蘭西島 研究
* label: 人物_布萊茲·帕斯卡

* prediction: 人物_帕斯卡·西甘

* tfidf matrix: 

                    	Tfidf_sum	法國	年度	傑出	布萊茲	斯卡查斯	科學家	進行	法蘭西島	研究	

main_帕               	0.0114	0.0114	0.0	0.0	0.0	0.0	0.0	0.0	0.0	0.0	

單位_帕斯卡               	0.0114	0.0114	0.0	0.0	0.0	0.0	0.0	0.0	0.0	0.0	

數學_帕斯卡三角形            	0.0015	0.0	0.0	0.0	0.0	0.0	0.0	0.0015	0.0	0.0	

數學_帕斯卡法則             	0.0	0.0	0.0	0.0	0.0	0.0	0.0	0.0	0.0	0.0	

數學_帕斯卡定理             	0.0051	0.0051	0.0	0.0	0.0	0.0	0.0	0.0	0.0	0.0	

物理_帕斯卡定律             	0.0141	0.0141	0.0	0.0	0.0	0.0	0.0	0.0	0.0	0.0	

人物_布萊茲·帕斯卡           	0.0141	0.0062	0.0	0.0015	0.0023	0.0	0.0008	0.001	0.0	0.0023	

人物_帕斯卡二世             	0.0	0.0	0.0	0.0	0.0	0.0	0.0	0.0	0.0	0.0	

人物_帕斯卡·孔達波尼          	0.0	0.0	0.0	0.0	0.0	0.0	0.0	0.0	0.0	0.0	

人物_帕斯卡·西甘            	0.0873	0.0873	0.0	0.0	0.0	0.0	0.0	0.0	0.0	0.0	

人物_帕斯卡·祖貝布勒          	0.0	0.0	0.0	0.0	0.0	0.0	0.0	0.0	0.0	0.0	

人物_帕斯卡爾·拉米           	0.0	0.0	0.0	0.0	0.0	0.0	0.0	0.0	0.0	0.0	

人物_帕斯卡爾·庫什潘          	0.0	0.0	0.0	0.0	0.0	0.0	0.0	0.0	0.0	0.0	

人物_帕斯卡爾·約阿迪姆納吉       	0.0	0.0	0.0	0.0	0.0	0.0	0.0	0.0	0.0	0.0	

地名_帕斯卡古拉 (密西西比州)     	0.0	0.0	0.0	0.0	0.0	0.0	0.0	0.0	0.0	0.0	

計算機_帕斯卡命名法           	0.0	0.0	0.0	0.0	0.0	0.0	0.0	0.0	0.0	0.0	


* index: 25

* test sentence: 
座 位 法國 克萊蒙費朗 學 帕 斯卡 名字 命名為 布萊茲 帕 斯卡 學
* label: 人物_布萊茲·帕斯卡

* prediction: 人物_帕斯卡·西甘

* tfidf matrix: 

                    	Tfidf_sum	法國	克萊蒙費朗	斯卡	名字	命名為	布萊茲	

main_帕               	0.0517	0.0114	0.0	0.0403	0.0	0.0	0.0	

單位_帕斯卡               	0.0517	0.0114	0.0	0.0403	0.0	0.0	0.0	

數學_帕斯卡三角形            	0.007	0.0	0.0	0.007	0.0	0.0	0.0	

數學_帕斯卡法則             	0.0033	0.0	0.0	0.0033	0.0	0.0	0.0	

數學_帕斯卡定理             	0.0231	0.0051	0.0	0.018	0.0	0.0	0.0	

物理_帕斯卡定律             	0.0804	0.0141	0.0	0.0663	0.0	0.0	0.0	

人物_布萊茲·帕斯卡           	0.0482	0.0062	0.0008	0.0389	0.0	0.0	0.0023	

人物_帕斯卡二世             	0.0	0.0	0.0	0.0	0.0	0.0	0.0	

人物_帕斯卡·孔達波尼          	0.0	0.0	0.0	0.0	0.0	0.0	0.0	

人物_帕斯卡·西甘            	0.0873	0.0873	0.0	0.0	0.0	0.0	0.0	

人物_帕斯卡·祖貝布勒          	0.0	0.0	0.0	0.0	0.0	0.0	0.0	

人物_帕斯卡爾·拉米           	0.0	0.0	0.0	0.0	0.0	0.0	0.0	

人物_帕斯卡爾·庫什潘          	0.0	0.0	0.0	0.0	0.0	0.0	0.0	

人物_帕斯卡爾·約阿迪姆納吉       	0.0	0.0	0.0	0.0	0.0	0.0	0.0	

地名_帕斯卡古拉 (密西西比州)     	0.0	0.0	0.0	0.0	0.0	0.0	0.0	

計算機_帕斯卡命名法           	0.0	0.0	0.0	0.0	0.0	0.0	0.0	


* index: 26

* test sentence: 
帕 斯卡 競賽 開放 世界 位 年齡 歲 年級 學生 參加
* label: 人物_布萊茲·帕斯卡

* prediction: 物理_帕斯卡定律

* tfidf matrix: 

                    	Tfidf_sum	斯卡	競賽	開放	世界	年齡	年級	學生	參加	

main_帕               	0.0403	0.0403	0.0	0.0	0.0	0.0	0.0	0.0	0.0	

單位_帕斯卡               	0.0403	0.0403	0.0	0.0	0.0	0.0	0.0	0.0	0.0	

數學_帕斯卡三角形            	0.007	0.007	0.0	0.0	0.0	0.0	0.0	0.0	0.0	

數學_帕斯卡法則             	0.0033	0.0033	0.0	0.0	0.0	0.0	0.0	0.0	0.0	

數學_帕斯卡定理             	0.018	0.018	0.0	0.0	0.0	0.0	0.0	0.0	0.0	

物理_帕斯卡定律             	0.0663	0.0663	0.0	0.0	0.0	0.0	0.0	0.0	0.0	

人物_布萊茲·帕斯卡           	0.0389	0.0389	0.0	0.0	0.0	0.0	0.0	0.0	0.0	

人物_帕斯卡二世             	0.0	0.0	0.0	0.0	0.0	0.0	0.0	0.0	0.0	

人物_帕斯卡·孔達波尼          	0.0	0.0	0.0	0.0	0.0	0.0	0.0	0.0	0.0	

人物_帕斯卡·西甘            	0.0	0.0	0.0	0.0	0.0	0.0	0.0	0.0	0.0	

人物_帕斯卡·祖貝布勒          	0.0027	0.0	0.0	0.0	0.0	0.0	0.0	0.0	0.0027	

人物_帕斯卡爾·拉米           	0.0027	0.0	0.0	0.0	0.0	0.0	0.0	0.0	0.0027	

人物_帕斯卡爾·庫什潘          	0.0	0.0	0.0	0.0	0.0	0.0	0.0	0.0	0.0	

人物_帕斯卡爾·約阿迪姆納吉       	0.0	0.0	0.0	0.0	0.0	0.0	0.0	0.0	0.0	

地名_帕斯卡古拉 (密西西比州)     	0.0	0.0	0.0	0.0	0.0	0.0	0.0	0.0	0.0	

計算機_帕斯卡命名法           	0.0	0.0	0.0	0.0	0.0	0.0	0.0	0.0	0.0	


* index: 27

* test sentence: 
羅伯託·羅塞里尼 導演 部 傳記式 電影 標題 為 布萊茲 帕 斯卡 意利 開始 播送
* label: 人物_布萊茲·帕斯卡

* prediction: 物理_帕斯卡定律

* tfidf matrix: 

                    	Tfidf_sum	羅伯託·羅塞里尼	導演	傳記式	電影	標題	布萊茲	斯卡	意利	開始	播送	

main_帕               	0.0403	0.0	0.0	0.0	0.0	0.0	0.0	0.0403	0.0	0.0	0.0	

單位_帕斯卡               	0.0403	0.0	0.0	0.0	0.0	0.0	0.0	0.0403	0.0	0.0	0.0	

數學_帕斯卡三角形            	0.0114	0.0	0.0	0.0	0.0	0.0	0.0	0.007	0.0018	0.0025	0.0	

數學_帕斯卡法則             	0.0033	0.0	0.0	0.0	0.0	0.0	0.0	0.0033	0.0	0.0	0.0	

數學_帕斯卡定理             	0.018	0.0	0.0	0.0	0.0	0.0	0.0	0.018	0.0	0.0	0.0	

物理_帕斯卡定律             	0.0663	0.0	0.0	0.0	0.0	0.0	0.0	0.0663	0.0	0.0	0.0	

人物_布萊茲·帕斯卡           	0.043	0.0	0.0	0.0	0.0	0.0	0.0023	0.0389	0.0	0.0018	0.0	

人物_帕斯卡二世             	0.0055	0.0	0.0	0.0	0.0	0.0	0.0	0.0	0.0055	0.0	0.0	

人物_帕斯卡·孔達波尼          	0.0055	0.0	0.0	0.0	0.0	0.0	0.0	0.0	0.0055	0.0	0.0	

人物_帕斯卡·西甘            	0.0	0.0	0.0	0.0	0.0	0.0	0.0	0.0	0.0	0.0	0.0	

人物_帕斯卡·祖貝布勒          	0.0	0.0	0.0	0.0	0.0	0.0	0.0	0.0	0.0	0.0	0.0	

人物_帕斯卡爾·拉米           	0.0	0.0	0.0	0.0	0.0	0.0	0.0	0.0	0.0	0.0	0.0	

人物_帕斯卡爾·庫什潘          	0.0371	0.0	0.0	0.0	0.0	0.0	0.0	0.0	0.0	0.0371	0.0	

人物_帕斯卡爾·約阿迪姆納吉       	0.0371	0.0	0.0	0.0	0.0	0.0	0.0	0.0	0.0	0.0371	0.0	

地名_帕斯卡古拉 (密西西比州)     	0.0	0.0	0.0	0.0	0.0	0.0	0.0	0.0	0.0	0.0	0.0	

計算機_帕斯卡命名法           	0.0072	0.0	0.0	0.0	0.0	0.0	0.0	0.0	0.0	0.0072	0.0	


* index: 28

* test sentence: 
帕 斯卡 年 BBCTwo 版 紀錄片 海洋 真相 裡 成為 主題 克匹特 飾演
* label: 人物_布萊茲·帕斯卡

* prediction: 物理_帕斯卡定律

* tfidf matrix: 

                    	Tfidf_sum	斯卡	BBCTwo	紀錄片	海洋	真相	成為	主題	克匹特	飾演	

main_帕               	0.0403	0.0403	0.0	0.0	0.0	0.0	0.0	0.0	0.0	0.0	

單位_帕斯卡               	0.0403	0.0403	0.0	0.0	0.0	0.0	0.0	0.0	0.0	0.0	

數學_帕斯卡三角形            	0.007	0.007	0.0	0.0	0.0	0.0	0.0	0.0	0.0	0.0	

數學_帕斯卡法則             	0.0033	0.0033	0.0	0.0	0.0	0.0	0.0	0.0	0.0	0.0	

數學_帕斯卡定理             	0.018	0.018	0.0	0.0	0.0	0.0	0.0	0.0	0.0	0.0	

物理_帕斯卡定律             	0.0663	0.0663	0.0	0.0	0.0	0.0	0.0	0.0	0.0	0.0	

人物_布萊茲·帕斯卡           	0.0412	0.0389	0.0	0.0	0.0	0.0	0.0015	0.0008	0.0	0.0	

人物_帕斯卡二世             	0.0	0.0	0.0	0.0	0.0	0.0	0.0	0.0	0.0	0.0	

人物_帕斯卡·孔達波尼          	0.0	0.0	0.0	0.0	0.0	0.0	0.0	0.0	0.0	0.0	

人物_帕斯卡·西甘            	0.0	0.0	0.0	0.0	0.0	0.0	0.0	0.0	0.0	0.0	

人物_帕斯卡·祖貝布勒          	0.0	0.0	0.0	0.0	0.0	0.0	0.0	0.0	0.0	0.0	

人物_帕斯卡爾·拉米           	0.0	0.0	0.0	0.0	0.0	0.0	0.0	0.0	0.0	0.0	

人物_帕斯卡爾·庫什潘          	0.0	0.0	0.0	0.0	0.0	0.0	0.0	0.0	0.0	0.0	

人物_帕斯卡爾·約阿迪姆納吉       	0.0	0.0	0.0	0.0	0.0	0.0	0.0	0.0	0.0	0.0	

地名_帕斯卡古拉 (密西西比州)     	0.0	0.0	0.0	0.0	0.0	0.0	0.0	0.0	0.0	0.0	

計算機_帕斯卡命名法           	0.0	0.0	0.0	0.0	0.0	0.0	0.0	0.0	0.0	0.0	


* index: 29

* test sentence: 
參見 年 帕 斯卡古拉 事件
* label: 地名_帕斯卡古拉 (密西西比州)

* prediction: 地名_帕斯卡古拉 (密西西比州)

* tfidf matrix: 

                    	Tfidf_sum	參見	斯卡古拉	事件	

main_帕               	0.0	0.0	0.0	0.0	

單位_帕斯卡               	0.0	0.0	0.0	0.0	

數學_帕斯卡三角形            	0.0	0.0	0.0	0.0	

數學_帕斯卡法則             	0.0	0.0	0.0	0.0	

數學_帕斯卡定理             	0.0	0.0	0.0	0.0	

物理_帕斯卡定律             	0.0	0.0	0.0	0.0	

人物_布萊茲·帕斯卡           	0.0	0.0	0.0	0.0	

人物_帕斯卡二世             	0.0	0.0	0.0	0.0	

人物_帕斯卡·孔達波尼          	0.0	0.0	0.0	0.0	

人物_帕斯卡·西甘            	0.0	0.0	0.0	0.0	

人物_帕斯卡·祖貝布勒          	0.0	0.0	0.0	0.0	

人物_帕斯卡爾·拉米           	0.0	0.0	0.0	0.0	

人物_帕斯卡爾·庫什潘          	0.0	0.0	0.0	0.0	

人物_帕斯卡爾·約阿迪姆納吉       	0.0	0.0	0.0	0.0	

地名_帕斯卡古拉 (密西西比州)     	0.0147	0.0	0.0147	0.0	

計算機_帕斯卡命名法           	0.0	0.0	0.0	0.0	

